id_fors,RA,DEC,FLUX_TOTAL_U,FLUXERR_TOTAL_U,FLUX_TOTAL_G,FLUXERR_TOTAL_G,FLUX_TOTAL_F475X,FLUXERR_TOTAL_F475X,FLUX_TOTAL_R,FLUXERR_TOTAL_R,FLUX_TOTAL_F600LP,FLUXERR_TOTAL_F600LP,FLUX_TOTAL_I,FLUXERR_TOTAL_I,FLUX_TOTAL_F814W,FLUXERR_TOTAL_F814W,FLUX_TOTAL_F110W,FLUXERR_TOTAL_F110W,FLUX_TOTAL_F140W,FLUXERR_TOTAL_F140W,FLUX_TOTAL_F160W,FLUXERR_TOTAL_F160W,FLUX_TOTAL_IRAC,FLUXERR_TOTAL_IRAC,comment
309_1_2,324.7962950000001,-38.39867,0.0099987624120684,0.0145335239591831,0.222713349175301,0.0397548559180006,-99.0,-99.0,1.1097527986008848,0.0681776841362061,-99.0,-99.0,-99.0,-99.0,1.679282672585486,0.0840922475447847,2.1053793382652395,0.0490338262099959,-99.0,-99.0,3.2777953109069107,0.1528290889216476,2.2471199162624926,0.2679330259598767,AGN-candidate
309_1_3,324.791656,-38.400009,0.1833100386206093,0.027588523819294,0.1173346410050644,0.0340753544339106,-99.0,-99.0,0.1833606960543492,0.0530305411817865,-99.0,-99.0,-99.0,-99.0,-99.0,-99.0,1.5276583876639125,0.0275184958268882,-99.0,-99.0,2.674399293848412,0.0646265681981283,8.113836440622064,0.2679330259598767,-
309_1_4,324.796661,-38.40276,0.1593625421191406,0.0267145460676831,0.2590277236212952,0.0358110539887228,-99.0,-99.0,0.4613029680710298,0.0567228020977088,-99.0,-99.0,-99.0,-99.0,0.1481925082888597,0.0631649302674349,0.1955357848573029,0.0275184958268882,-99.0,-99.0,0.3712156257705221,0.0646265681981283,0.6773704532824257,0.2679330259598767,-
309_1_5,324.791901,-38.40506,2.2746063588238763,0.0387573127375041,4.621960705428807,0.0570435739190839,-99.0,-99.0,8.780237205848737,0.0929993191944393,-99.0,-99.0,-99.0,-99.0,12.796169966104696,0.1485032551342006,18.06342083169969,0.0998226605630953,-99.0,-99.0,24.076868456124483,0.2439359420033113,29.64286389781199,0.3276317095723336,Extended_relative_to_slit
309_1_6,324.787109,-38.407669,0.6101916339116528,0.0292815548740877,0.6677074914750908,0.0376996124412112,-99.0,-99.0,0.5233909981688056,0.0577046168193847,-99.0,-99.0,-99.0,-99.0,0.5158705716958257,0.0916911685263688,0.7561010141635375,0.062801492113548,-99.0,-99.0,1.061707795246733,0.1924394002709716,1.1127209090369734,0.170131409137089,AGN-candidate
309_1_7,324.807861,-38.41227,-99.0,-99.0,-99.0,-99.0,-99.0,-99.0,-99.0,-99.0,-99.0,-99.0,-99.0,-99.0,-99.0,-99.0,-99.0,-99.0,-99.0,-99.0,-99.0,-99.0,-99.0,-99.0,-
309_1_8,324.804596,-38.414127,0.224505119516147,0.0262813384737952,0.4254673603846846,0.0377370733567576,-99.0,-99.0,0.367778425252025,0.0551801673472805,-99.0,-99.0,-99.0,-99.0,0.4003501540918546,0.0440045994245397,0.5812995677253869,0.0326763823275008,-99.0,-99.0,0.2466039337234332,0.0732646339451562,0.0551297786694846,0.2679330259598767,-
309_1_9,324.818878,-38.41848,0.8772962013990836,0.0331299108937666,1.1387443859858644,0.0387028348925839,-99.0,-99.0,1.071090701112526,0.0602778316643412,-99.0,-99.0,-99.0,-99.0,1.6575442609282445,0.0990889530044247,2.3851162056963915,0.0681636942776889,-99.0,-99.0,2.8159777460271624,0.2048404948512554,5.194051469940157,0.1856214396552253,Double-galaxy
309_1_10,324.800079,-38.417969,0.6452176646486998,0.0336366582104784,0.4947960784288363,0.0396948866456218,-99.0,-99.0,1.5574935216983097,0.0657024991192618,-99.0,-99.0,-99.0,-99.0,1.8153160554429464,0.1484451989899894,2.86061947801785,0.0993341512742346,-99.0,-99.0,3.823193233834522,0.0646265681981283,7.621250717437003,0.1944447313926544,-
309_1_11,324.806,-38.420925,1.2186142405281146,0.0352440703256726,1.7161144529493062,0.0425195530849556,-99.0,-99.0,2.9402634744945395,0.0677043261143626,-99.0,-99.0,-99.0,-99.0,3.17597138154626,0.1423902271901612,5.2911796709759065,0.0931976231867214,-99.0,-99.0,6.5975528238037535,0.2864505626405014,12.964215719547,0.24717625991952,-
309_1_12,324.787689,-38.420532,0.0100245814514904,0.0130831336880088,0.2051097233806836,0.0374425638528907,-99.0,-99.0,0.2639163212486411,0.0562720742859182,-99.0,-99.0,-99.0,-99.0,0.256212314682901,0.0470554823756834,0.6064569815101353,0.0419258886207705,-99.0,-99.0,1.0577913224994977,0.0946291620983469,2.1286597528548525,0.1756727584561064,-
309_1_13,324.804443,-38.426811,0.8136286801260149,0.0361213064217315,0.8192684847049824,0.0427857815996799,-99.0,-99.0,0.7785136809728604,0.0657545404303318,-99.0,-99.0,-99.0,-99.0,0.8998658257432054,0.1423345866674779,1.078779366572472,0.0915948529599407,-99.0,-99.0,0.989500756064065,0.2875512716895647,1.826359419752526,0.2548525855139612,-
309_1_14,324.793671,-38.427509,4.975838188687201,0.040787955384781,9.34428872212119,0.0602448557653281,-99.0,-99.0,22.830017737647072,0.0967252276685122,-99.0,-99.0,-99.0,-99.0,26.62686276924124,0.1569560891938888,35.71083458083451,0.1315638741985836,-99.0,-99.0,47.467897948292176,0.2623186332580651,45.44710763893864,0.2386004545840934,-
309_1_15,324.810699,-38.431347,1.1081186108500392,0.0347009085667309,1.629994912560301,0.0471402169607075,-99.0,-99.0,1.7692379603336004,0.0689290505319229,-99.0,-99.0,-99.0,-99.0,1.5821221107222545,0.0463452138723536,2.101000950647982,0.0275184958268882,-99.0,-99.0,2.7620163742821813,0.0646265681981283,3.019856101038977,0.2431016148390961,-
309_1_16,324.797699,-38.433235,2.7704240516123173,0.0428692309727244,3.0873527190418977,0.0534606531435826,-99.0,-99.0,4.415564661083046,0.082560525577955,-99.0,-99.0,-99.0,-99.0,4.574912647184074,0.1268233383590101,5.117332333486472,0.0816800501457712,-99.0,-99.0,5.018802016961713,0.2499442297180024,7.935718408945314,0.1929657971780015,-
309_1_17,324.800323,-38.435749,0.1255440842684598,0.1255440842684598,0.0553638456137314,0.030290249879853,-99.0,-99.0,0.5032528567989392,0.0605831706582125,-99.0,-99.0,-99.0,-99.0,0.2659077225387451,0.1286663390282665,1.0920303922414882,0.082917372825226,-99.0,-99.0,2.955327348566545,0.2580422231861981,9.327950846506846,0.1976078746151399,-
309_1_18,324.7968140000001,-38.437038,-99.0,-99.0,-99.0,-99.0,-99.0,-99.0,-99.0,-99.0,-99.0,-99.0,-99.0,-99.0,0.0677994621921846,0.0631649302674349,0.1477836024407489,0.0275184958268882,-99.0,-99.0,0.1229210464732551,0.0646265681981283,0.3218297952287724,0.2679330259598767,-
62_1_3,195.315781,-0.025592,-99.0,-99.0,-99.0,-99.0,-99.0,-99.0,-99.0,-99.0,-99.0,-99.0,-99.0,-99.0,-99.0,-99.0,14.246436573717402,0.1312189055329962,15.304750318371072,0.2325949896408977,-99.0,-99.0,21.90382091371732,0.3692046928443258,-
62_1_4,195.322037,-0.0236669999999999,-99.0,-99.0,-99.0,-99.0,-99.0,-99.0,-99.0,-99.0,-99.0,-99.0,-99.0,-99.0,-99.0,-99.0,0.4211397635041487,0.0513971906069061,0.8638259548992521,0.0924265610773953,-99.0,-99.0,0.9419465263853408,0.1865326546678164,-
62_1_5,195.327118,-0.019925,-99.0,-99.0,-99.0,-99.0,-99.0,-99.0,-99.0,-99.0,-99.0,-99.0,-99.0,-99.0,-99.0,-99.0,13.70207211500425,0.0832952712158313,19.15429840051347,0.1623096115729242,-99.0,-99.0,52.9565690166153,0.3316708257102796,-
62_1_6,195.318176,-0.018129,-99.0,-99.0,-99.0,-99.0,-99.0,-99.0,-99.0,-99.0,-99.0,-99.0,-99.0,-99.0,-99.0,-99.0,5.5522146654537226,0.0506280972533774,6.280384728860639,0.1029666097206589,-99.0,-99.0,7.047582362289178,0.3318158005034273,-
62_1_7,195.325012,-0.013956,-99.0,-99.0,-99.0,-99.0,-99.0,-99.0,-99.0,-99.0,-99.0,-99.0,-99.0,-99.0,-99.0,-99.0,0.3025702672891202,0.0513971906069061,0.3351399873355683,0.0924265610773953,-99.0,-99.0,0.003631,0.2679330259598767,-
62_1_8,195.33786,-0.01157,-99.0,-99.0,-99.0,-99.0,-99.0,-99.0,-99.0,-99.0,-99.0,-99.0,-99.0,-99.0,-99.0,-99.0,0.6717787298656632,0.0513971906069061,0.6510678480179063,0.0924265610773953,-99.0,-99.0,0.003631,0.2679330259598767,-
62_1_9,195.317215,-0.009804,-99.0,-99.0,-99.0,-99.0,-99.0,-99.0,-99.0,-99.0,-99.0,-99.0,-99.0,-99.0,-99.0,-99.0,8.036487044302923,0.0792027368278909,8.562217365870447,0.1648248530410724,-99.0,-99.0,12.811494662871285,0.3516788660459102,-
62_1_11,195.304214,-0.004513,-99.0,-99.0,-99.0,-99.0,-99.0,-99.0,-99.0,-99.0,-99.0,-99.0,-99.0,-99.0,-99.0,-99.0,3.1738489132401573,0.052619766453277,3.403347137651417,0.1156705437775972,-99.0,-99.0,3.687397526286512,0.2964687468481241,-
62_1_13,195.310562,0.001285,-99.0,-99.0,-99.0,-99.0,-99.0,-99.0,-99.0,-99.0,-99.0,-99.0,-99.0,-99.0,-99.0,-99.0,2.0556361614451224,0.0405182037901129,2.2739779486826377,0.0934138496004841,-99.0,-99.0,3.927535868904288,0.3618878069168216,-
62_1_14,195.319443,0.004619,-99.0,-99.0,-99.0,-99.0,-99.0,-99.0,-99.0,-99.0,-99.0,-99.0,-99.0,-99.0,-99.0,-99.0,2.631396234675364,0.0681055855156836,3.872453833582658,0.1530148931202873,-99.0,-99.0,-99.0,-99.0,-
62_1_15,195.328979,0.006401,-99.0,-99.0,-99.0,-99.0,-99.0,-99.0,-99.0,-99.0,-99.0,-99.0,-99.0,-99.0,-99.0,-99.0,0.3591089663871493,0.0513971906069061,0.4911636848576341,0.0924265610773953,-99.0,-99.0,0.7705951102646714,0.2037034140609382,-
62_1_16,195.317627,0.008109,-99.0,-99.0,-99.0,-99.0,-99.0,-99.0,-99.0,-99.0,-99.0,-99.0,-99.0,-99.0,-99.0,-99.0,52.60490600221024,0.1162860591372428,65.14877423152751,0.2280237101223216,-99.0,-99.0,73.4108410998126,0.3583550049608774,Extended_relative_to_slit
62_1_17,195.322113,0.0100069999999999,-99.0,-99.0,-99.0,-99.0,-99.0,-99.0,-99.0,-99.0,-99.0,-99.0,-99.0,-99.0,-99.0,-99.0,0.3062148505442085,0.0513971906069061,0.4558545027157989,0.0924265610773953,-99.0,-99.0,0.0208557709690512,0.2679330259598767,-
64_2_5,219.368164,-1.847108,1.7238768951161303,0.0358843306895316,2.241125870477567,0.0355046191141329,1.903252817976533,0.1790641336015198,-99.0,-99.0,4.582331431105186,0.2755423348756594,6.985319080330702,0.0765637810223223,-99.0,-99.0,9.996815006644256,0.1201821481638819,-99.0,-99.0,10.448234767385063,0.3849780898153952,10.223185682686736,0.2005654002406074,-
64_2_6,219.377548,-1.846494,0.6223952204347508,0.0312430132759453,1.1554369422214494,0.032246236851165,0.8098050081310987,0.1427603845768962,-99.0,-99.0,2.382866373944092,0.2175370551548807,3.628993989578777,0.0681877842750364,-99.0,-99.0,3.721428514640384,0.0950803458424108,-99.0,-99.0,4.694483689960932,0.3063883113116574,4.469986885049178,0.1795076247473005,-
64_2_7,219.361206,-1.836874,0.1255440842684598,0.1255440842684598,0.1434386697455207,0.0249699811936109,0.1213462190334818,0.0504394444019562,-99.0,-99.0,0.2291006117807585,0.0800259648075731,-99.0,-99.0,-99.0,-99.0,0.2454857283648276,0.0304223371016442,-99.0,-99.0,0.2563458251511899,0.0746429617557419,0.003631,0.3311511357701301,-
64_2_8,219.375244,-1.836585,0.0321681621251915,0.0194691897692395,0.4166642591525281,0.0267874783907584,0.6937610085347351,0.0853030088293794,-99.0,-99.0,4.030435906081561,0.1288823588390539,7.178376763246156,0.0614892731861372,-99.0,-99.0,9.751236398615298,0.0587277748864243,-99.0,-99.0,11.472754007190144,0.1847511673512782,4.3916351142104935,0.1755521451199552,-
64_2_9,219.368073,-1.831808,0.0026338209566271,0.006773167643827,0.4331379621523486,0.0290434223493515,0.3497237071719054,0.0739431765535996,-99.0,-99.0,0.286360777916373,0.1042931028694473,0.1028646727823961,0.0489168559984812,-99.0,-99.0,0.4332857869130776,0.0458050262949954,-99.0,-99.0,1.0795085717370991,0.1487312323196501,1.5787241369901452,0.2083735551539908,-
64_2_10,219.365463,-1.828888,0.1795668850134608,0.0341535983745782,0.1909441023315224,0.0329408035062118,0.274932606177409,0.0504394444019562,-99.0,-99.0,0.4454779873941805,0.0800259648075731,-99.0,-99.0,-99.0,-99.0,0.5053895397535477,0.0304223371016442,-99.0,-99.0,0.5420336501181329,0.0746429617557419,1.4589024341925043,0.3311511357701301,-
64_2_11,219.361145,-1.826129,2.061703693291196,0.0364588661018348,3.1001752794448745,0.041117284132522,-99.0,-99.0,-99.0,-99.0,-99.0,-99.0,10.0866336853724,0.097549648794704,-99.0,-99.0,10.41357861528435,0.0959139595931208,-99.0,-99.0,12.519875206248813,0.2075716699367139,14.993611336934336,0.2140563468015862,-
64_2_12,219.359406,-1.823243,1.5804699719951176,0.0328991630902548,1.9474496984948235,0.0346189363368795,1.7750067135006502,0.1027253092806891,-99.0,-99.0,2.5683130754315435,0.3123711982835329,-99.0,-99.0,-99.0,-99.0,3.915615148396101,0.0829537450102668,-99.0,-99.0,3.8406081572581128,0.1875529998333048,4.308699922682522,0.185333228690498,-
64_2_13,219.371643,-1.823598,0.6033735232719032,0.0322877707756895,1.0504762764471176,0.0355081456956642,-99.0,-99.0,-99.0,-99.0,-99.0,-99.0,1.4468591292852373,0.0820912981154744,-99.0,-99.0,3.314362450092585,0.0793762422522512,-99.0,-99.0,4.254024629440663,0.1763650501823441,6.974390320182263,0.1940007254946156,-
64_2_14,219.382263,-1.822951,0.0786658516757592,0.0266277060798024,-99.0,-99.0,0.096211336790295,0.0504394444019562,-99.0,-99.0,0.1742714516927885,0.0800259648075731,0.3079968316201422,0.0552618428659884,-99.0,-99.0,0.2640677710125597,0.0429250885773825,-99.0,-99.0,0.6287791912063058,0.1421335542405195,0.2427874584849621,0.3311511357701301,-
64_2_15,219.375214,-1.819262,0.7435432731579524,0.0312977135334976,1.4619962171742285,0.0327222143108904,1.5282696904097848,0.0823837695595145,-99.0,-99.0,5.2708999708870445,0.3133315436489627,15.74077999425119,0.0811903545802769,-99.0,-99.0,25.327947656899948,0.0933118186218209,-99.0,-99.0,36.94877122539325,0.2041874948616282,100.8384703049722,0.2507726534249101,Hb-artificat
64_2_16,219.373138,-1.816697,0.2658191401885215,0.0262709714858877,-99.0,-99.0,0.315083926506285,0.0504394444019562,-99.0,-99.0,0.4725265864920202,0.0800259648075731,-99.0,-99.0,-99.0,-99.0,0.3701913348529809,0.0304223371016442,-99.0,-99.0,0.8872096336831774,0.0746429617557419,0.0157625417144736,0.3311511357701301,-
64_2_18,219.377258,-1.81113,0.266186636701445,0.0277538245137732,-99.0,-99.0,0.6229113567901614,0.0504394444019562,-99.0,-99.0,0.7247887636160449,0.1345549229261431,1.2663281142169818,0.0617009829990589,-99.0,-99.0,1.0619452692576803,0.0580767582938941,-99.0,-99.0,1.4060212910708727,0.1937687231867861,1.2222111711772066,0.1612053419108187,-
309_2_1,324.821655,-38.423347,0.5813882481103463,0.0318084755805052,0.5304277649684188,0.0367884412840765,-99.0,-99.0,0.5288667320389707,0.056359842402974,-99.0,-99.0,-99.0,-99.0,0.7236900536613678,0.0788565484136601,0.9830166432265374,0.054444886264343,-99.0,-99.0,1.276462101253481,0.1676735510087423,0.6803090509257608,0.1649234062850329,-
309_2_3,324.810425,-38.428787,0.1799808294343242,0.0279329186328485,0.1858087873183515,0.0337149591063049,-99.0,-99.0,0.1210113898360951,0.0466345818434394,-99.0,-99.0,-99.0,-99.0,0.0970121766516526,0.0631649302674349,0.2274187399437093,0.0275184958268882,-99.0,-99.0,0.0955930346908732,0.0646265681981283,0.1551766060365357,0.2679330259598767,-
309_2_4,324.815277,-38.415436,-99.0,-99.0,-99.0,-99.0,-99.0,-99.0,-99.0,-99.0,-99.0,-99.0,-99.0,-99.0,1.1162462168485492,0.0509086193954757,1.2033722711826809,0.0332546357630662,-99.0,-99.0,0.7131813866797394,0.0736993503694871,-99.0,-99.0,-
309_2_5,324.807892,-38.424446,1.2807555570705755,0.0336202757451518,1.85006185524679,0.0414078503108565,-99.0,-99.0,1.8992679906525007,0.0650757753083476,-99.0,-99.0,-99.0,-99.0,1.3600770884837166,0.1450103013490693,1.5020677269599942,0.0962530668314458,-99.0,-99.0,1.7944144105471016,0.2906393321884563,1.5721944140611244,0.179853132749739,-
309_2_6,324.798615,-38.434273,0.1255440842684598,0.1255440842684598,0.196691797361383,0.0472464863260926,-99.0,-99.0,0.3419371195506193,0.0713329418682032,-99.0,-99.0,-99.0,-99.0,0.3108279040983256,0.0445536786366154,0.2857590543374939,0.0292654315592945,-99.0,-99.0,0.4413671434634389,0.0652779375490846,0.003631,0.2679330259598767,-
309_2_7,324.793884,-38.437054,0.4302751343834084,0.0298026067105391,0.6117109418429386,0.0393270919596915,-99.0,-99.0,0.6987893041096142,0.0608874165688214,-99.0,-99.0,-99.0,-99.0,-99.0,-99.0,1.0387425524457272,0.0636246052818933,-99.0,-99.0,1.1636955354021934,0.1963451219913501,1.24631048565901,0.2081201907064368,-
309_2_8,324.803192,-38.413239,0.1336430101098373,0.0296533122736113,0.1200124353954896,0.0344992917812768,-99.0,-99.0,0.1752856037773146,0.0520997184663714,-99.0,-99.0,-99.0,-99.0,-99.0,-99.0,0.1606666519585572,0.0565835512150525,-99.0,-99.0,0.2798270143699627,0.163849777412679,0.003631,0.2679330259598767,-
309_2_9,324.798676,-38.416111,0.1255440842684598,0.1255440842684598,0.1452232839393275,0.1452232839393275,-99.0,-99.0,0.124619570150727,0.0598227448600447,-99.0,-99.0,-99.0,-99.0,-99.0,-99.0,0.126590174930024,0.031805811334853,-99.0,-99.0,0.2989509927814587,0.0714260797403759,0.2897518709470018,0.2679330259598767,-
309_2_11,324.794006,-38.416855,1.1693546551866438,0.0334951801523521,1.9915272302366445,0.05007541716597,-99.0,-99.0,6.147042968722007,0.0798290648125606,-99.0,-99.0,-99.0,-99.0,8.323002019298217,0.1272567090696563,11.523913771994874,0.1061406689012205,-99.0,-99.0,15.819763986011564,0.2477093196601068,15.79596813296618,0.2109620870664176,-
309_2_13,324.797455,-38.402336,0.4274705981745351,0.041577687360441,0.4406220725276177,0.0510142714531837,-99.0,-99.0,0.741013719692923,0.0848374370063832,-99.0,-99.0,-99.0,-99.0,0.7838332523254857,0.1458495514485114,0.936428393051746,0.0890768122056471,-99.0,-99.0,1.5706281108105211,0.2689613244240066,2.4354894290733657,0.1904513701099095,-
309_2_14,324.783539,-38.423065,0.2480540081444818,0.0424732800166336,0.0283992093304336,0.0333142055846368,-99.0,-99.0,0.1410672658289909,0.079739321211432,-99.0,-99.0,-99.0,-99.0,0.4427958486981498,0.20557884012897,0.6435114537020147,0.1342563435014828,-99.0,-99.0,0.9657174280866176,0.3991847009405158,2.672183320918395,0.2047763215440825,-
309_2_17,324.773926,-38.425514,0.3506438683869906,0.0243185068102452,0.531503647073531,0.0395542623478309,-99.0,-99.0,0.4540108678926763,0.0593786436873236,-99.0,-99.0,-99.0,-99.0,0.3900856730798358,0.040888964872194,0.7027910933160443,0.0275184958268882,-99.0,-99.0,0.6886939199917652,0.0646265681981283,0.9074574050136018,0.1675833192458572,-
309_2_18,324.773132,-38.419743,0.6760615688830521,0.0338735589603287,0.9755875488822986,0.0538231053933288,-99.0,-99.0,1.5816349344416196,0.0856562890116434,-99.0,-99.0,-99.0,-99.0,2.991437957549792,0.1496706133845042,4.238381057743507,0.093696267125563,-99.0,-99.0,5.5207743928075566,0.2136157540980292,8.904842631527497,0.2050484164946002,-
309_2_20,324.76767,-38.416943,0.0956194516719469,0.0266584165603524,0.2262696207392319,0.0421805693104088,-99.0,-99.0,0.6182814957649869,0.0692461295437514,-99.0,-99.0,-99.0,-99.0,1.1584572183698636,0.10888479909894,1.1835864919618606,0.2059688604834109,-99.0,-99.0,1.3121998990192003,0.4661285509760691,0.947166324809598,0.2679330259598767,-
236_1_2,231.191513,0.428666,-99.0,-99.0,-99.0,-99.0,-99.0,-99.0,-99.0,-99.0,-99.0,-99.0,-99.0,-99.0,-99.0,-99.0,-99.0,-99.0,7.008095316467937,0.1549252796922364,-99.0,-99.0,-99.0,-99.0,Double-galaxy
236_1_3,231.194687,0.427741,-99.0,-99.0,-99.0,-99.0,-99.0,-99.0,-99.0,-99.0,-99.0,-99.0,-99.0,-99.0,-99.0,-99.0,-99.0,-99.0,0.6735967762229416,0.0689850419571724,-99.0,-99.0,-99.0,-99.0,-
236_1_4,231.193039,0.418988,-99.0,-99.0,-99.0,-99.0,-99.0,-99.0,-99.0,-99.0,-99.0,-99.0,-99.0,-99.0,-99.0,-99.0,-99.0,-99.0,5.267444883319054,0.1212981185064423,-99.0,-99.0,-99.0,-99.0,-
236_1_5,231.196732,0.4219,-99.0,-99.0,-99.0,-99.0,-99.0,-99.0,-99.0,-99.0,-99.0,-99.0,-99.0,-99.0,-99.0,-99.0,-99.0,-99.0,26.254273189936967,0.2659964219960889,-99.0,-99.0,-99.0,-99.0,-
236_1_6,231.204025,0.432063,-99.0,-99.0,-99.0,-99.0,-99.0,-99.0,-99.0,-99.0,-99.0,-99.0,-99.0,-99.0,-99.0,-99.0,-99.0,-99.0,3.369767985844033,0.1117526306577165,-99.0,-99.0,-99.0,-99.0,-
236_1_7,231.20277400000003,0.421722,-99.0,-99.0,-99.0,-99.0,-99.0,-99.0,-99.0,-99.0,-99.0,-99.0,-99.0,-99.0,-99.0,-99.0,-99.0,-99.0,0.9392906516183948,0.0579997447829492,-99.0,-99.0,-99.0,-99.0,-
236_1_8,231.2034,0.417798,-99.0,-99.0,-99.0,-99.0,-99.0,-99.0,-99.0,-99.0,-99.0,-99.0,-99.0,-99.0,-99.0,-99.0,-99.0,-99.0,11.230523475410813,0.1551603514023378,-99.0,-99.0,-99.0,-99.0,-
236_1_9,231.213028,0.4366930000000001,-99.0,-99.0,-99.0,-99.0,-99.0,-99.0,-99.0,-99.0,-99.0,-99.0,-99.0,-99.0,-99.0,-99.0,-99.0,-99.0,2.1737019751571167,0.0941259054830914,-99.0,-99.0,-99.0,-99.0,Double-galaxy
236_1_10,231.215302,0.435545,-99.0,-99.0,-99.0,-99.0,-99.0,-99.0,-99.0,-99.0,-99.0,-99.0,-99.0,-99.0,-99.0,-99.0,-99.0,-99.0,30.310981535840497,0.2512598886886774,-99.0,-99.0,-99.0,-99.0,Extended_relative_to_slit
236_1_11,231.212418,0.422663,-99.0,-99.0,-99.0,-99.0,-99.0,-99.0,-99.0,-99.0,-99.0,-99.0,-99.0,-99.0,-99.0,-99.0,-99.0,-99.0,0.6086953723349002,0.0674125505565969,-99.0,-99.0,-99.0,-99.0,-
236_1_12,231.213715,0.421263,-99.0,-99.0,-99.0,-99.0,-99.0,-99.0,-99.0,-99.0,-99.0,-99.0,-99.0,-99.0,-99.0,-99.0,-99.0,-99.0,23.120647901755948,0.2768403625163636,-99.0,-99.0,-99.0,-99.0,-
236_1_13,231.208893,0.40411,-99.0,-99.0,-99.0,-99.0,-99.0,-99.0,-99.0,-99.0,-99.0,-99.0,-99.0,-99.0,-99.0,-99.0,-99.0,-99.0,3.0732649292042966,0.0849282539339644,-99.0,-99.0,-99.0,-99.0,-
236_1_14,231.220016,0.426617,-99.0,-99.0,-99.0,-99.0,-99.0,-99.0,-99.0,-99.0,-99.0,-99.0,-99.0,-99.0,-99.0,-99.0,-99.0,-99.0,0.7921364541528485,0.100218545485177,-99.0,-99.0,-99.0,-99.0,-
236_1_15,231.215988,0.409946,-99.0,-99.0,-99.0,-99.0,-99.0,-99.0,-99.0,-99.0,-99.0,-99.0,-99.0,-99.0,-99.0,-99.0,-99.0,-99.0,8.031561699226547,0.1035656536342406,-99.0,-99.0,-99.0,-99.0,-
236_1_16,231.224136,0.421997,-99.0,-99.0,-99.0,-99.0,-99.0,-99.0,-99.0,-99.0,-99.0,-99.0,-99.0,-99.0,-99.0,-99.0,-99.0,-99.0,-99.0,-99.0,-99.0,-99.0,-99.0,-99.0,-
236_1_17,231.225616,0.415714,-99.0,-99.0,-99.0,-99.0,-99.0,-99.0,-99.0,-99.0,-99.0,-99.0,-99.0,-99.0,-99.0,-99.0,-99.0,-99.0,1.5674727518004377,0.0751008829041153,-99.0,-99.0,-99.0,-99.0,-
236_2_6,231.204132,0.433547,-99.0,-99.0,-99.0,-99.0,-99.0,-99.0,-99.0,-99.0,-99.0,-99.0,-99.0,-99.0,-99.0,-99.0,-99.0,-99.0,0.5311289818550124,0.0583299777864826,-99.0,-99.0,-99.0,-99.0,-
236_2_8,231.209991,0.4317760000000001,-99.0,-99.0,-99.0,-99.0,-99.0,-99.0,-99.0,-99.0,-99.0,-99.0,-99.0,-99.0,-99.0,-99.0,-99.0,-99.0,1.3626991969948672,0.1319902125405491,-99.0,-99.0,-99.0,-99.0,-
236_2_9,231.196442,0.419702,-99.0,-99.0,-99.0,-99.0,-99.0,-99.0,-99.0,-99.0,-99.0,-99.0,-99.0,-99.0,-99.0,-99.0,-99.0,-99.0,5.8344510427374425,0.1182301060506603,-99.0,-99.0,-99.0,-99.0,-
236_2_10,231.200623,0.41971,-99.0,-99.0,-99.0,-99.0,-99.0,-99.0,-99.0,-99.0,-99.0,-99.0,-99.0,-99.0,-99.0,-99.0,-99.0,-99.0,0.7171334826577207,0.0927270693097601,-99.0,-99.0,-99.0,-99.0,-
236_2_11,231.193268,0.412542,-99.0,-99.0,-99.0,-99.0,-99.0,-99.0,-99.0,-99.0,-99.0,-99.0,-99.0,-99.0,-99.0,-99.0,-99.0,-99.0,1.6233045277654536,0.0762790984933581,-99.0,-99.0,-99.0,-99.0,-
236_2_12,231.196365,0.411637,-99.0,-99.0,-99.0,-99.0,-99.0,-99.0,-99.0,-99.0,-99.0,-99.0,-99.0,-99.0,-99.0,-99.0,-99.0,-99.0,2.1340274428489767,0.0786382627316877,-99.0,-99.0,-99.0,-99.0,-
236_2_13,231.21344,0.4209810000000001,-99.0,-99.0,-99.0,-99.0,-99.0,-99.0,-99.0,-99.0,-99.0,-99.0,-99.0,-99.0,-99.0,-99.0,-99.0,-99.0,7.979946872679759,0.1911131343248904,-99.0,-99.0,-99.0,-99.0,-
236_2_14,231.201431,0.407339,-99.0,-99.0,-99.0,-99.0,-99.0,-99.0,-99.0,-99.0,-99.0,-99.0,-99.0,-99.0,-99.0,-99.0,-99.0,-99.0,0.6534313996495988,0.0954255194340747,-99.0,-99.0,-99.0,-99.0,-
236_2_15,231.20108,0.404461,-99.0,-99.0,-99.0,-99.0,-99.0,-99.0,-99.0,-99.0,-99.0,-99.0,-99.0,-99.0,-99.0,-99.0,-99.0,-99.0,1.1989470404794156,0.0718205009920717,-99.0,-99.0,-99.0,-99.0,-
236_2_16,231.203796,0.404216,-99.0,-99.0,-99.0,-99.0,-99.0,-99.0,-99.0,-99.0,-99.0,-99.0,-99.0,-99.0,-99.0,-99.0,-99.0,-99.0,12.055910077295335,0.2220906301346374,-99.0,-99.0,-99.0,-99.0,Hb-artificat
236_2_17,231.21347000000003,0.407567,-99.0,-99.0,-99.0,-99.0,-99.0,-99.0,-99.0,-99.0,-99.0,-99.0,-99.0,-99.0,-99.0,-99.0,-99.0,-99.0,5.515691912608024,0.2540967903131364,-99.0,-99.0,-99.0,-99.0,-
236_2_19,231.222809,0.406732,-99.0,-99.0,-99.0,-99.0,-99.0,-99.0,-99.0,-99.0,-99.0,-99.0,-99.0,-99.0,-99.0,-99.0,-99.0,-99.0,12.752637064597296,0.3994161082570384,-99.0,-99.0,-99.0,-99.0,-
