id_fors,redshift,O_II_Flux_corr,O_II_Flux_err_corr,Hb_Flux_corr,Hb_Flux_err_corr,O_III_Flux_corr,O_III_Flux_err_corr,Ha_Flux_[NII]_corr,Ha_Flux_err_[NII]_corr,S_II_Flux_corr,S_II_Flux_err_corr,O_II_Flux_corr_rc,O_II_Flux_err_corr_rc,Hb_Flux_corr_rc_bc,Hb_Flux_err_corr_rc_bc,O_III_Flux_corr_rc,O_III_Flux_err_corr_rc,Ha_Flux_[NII]_corr_rc_bc,Ha_Flux_err_[NII]_corr_rc_bc,S_II_Flux_corr_rc,S_II_Flux_err_corr_rc,Ha_lum_[NII]_corr,Ha_lum_err_[NII]_corr
309_1_2,0.8742700000000001,-99.0,-99.0,-2.7185e-17,1.4092000000000002e-17,1.8767e-16,5.3897e-17,1.7600000000000002e-17,3.96502e-18,3.187e-17,5.617e-18,-99.0,-99.0,-3.58009e-16,1.85582e-16,6.46044e-16,1.85538e-16,1.1359999999999999e-16,2.55925e-17,7.775520000000001e-17,1.37041e-17,6.60717e+40,1.4884977950795454e+40
309_1_3,1.14608,2.135e-17,2.135e-17,-9.867000000000003e-18,9.454e-18,6.911e-17,2.369e-17,6.347e-17,1.00528e-17,-99.0,-99.0,1.08047e-16,1.23887e-17,-6.75357e-17,6.470890000000001e-17,2.37907e-16,8.15515e-17,2.5517599999999997e-16,4.04167e-17,-99.0,-99.0,4.65248e+41,7.36890671876477e+40
309_1_4,0.4377399999999999,-99.0,-99.0,-99.0,-99.0,-99.0,-99.0,6.297e-17,1.4712e-17,-99.0,-99.0,-99.0,-99.0,-99.0,-99.0,-99.0,-99.0,1.57277e-16,3.67454e-17,-99.0,-99.0,4.40749e+40,1.0297442096236301e+40
309_1_5,0.6749729999999999,1.1826e-16,1.1826e-16,3.357e-17,4.732e-18,4.085e-17,5.294e-18,5.8551e-16,4.8902e-17,3.8435e-16,8.620200000000001e-17,5.98484e-16,1.0331e-16,1.81572e-16,2.55942e-17,1.40624e-16,1.8224300000000002e-17,1.98536e-15,1.65818e-16,9.37722e-16,2.10312e-16,1.16456e+42,9.726445854041774e+40
309_1_6,1.144,3.344e-17,3.344e-17,5.805e-18,9.757e-18,6.38e-17,1.381e-17,-79.5475,-79.5475,-99.0,-99.0,1.6923099999999996e-16,1.96964e-17,1.15892e-17,1.9479000000000002e-17,2.19628e-16,4.754020000000001e-17,5.16317e-17,1.44018e-17,-99.0,-99.0,-5.8048300000000015e+59,-5.8048300000000015e+59
309_1_7,0.418397,1.07602e-15,1.07602e-15,2.2015e-16,3.7355e-17,6.5344e-16,5.631899999999999e-17,9.2345e-16,4.93245e-17,1.0227e-16,4.0333e-17,5.445470000000001e-15,9.283489999999998e-16,7.73164e-16,1.3119000000000002e-16,2.24943e-15,1.93875e-16,2.29115e-15,1.22378e-16,2.49514e-16,9.84029e-17,5.80627e+41,3.1013196666305704e+40
309_1_8,1.0828,2.285e-17,2.285e-17,4.573e-17,1.4057999999999997e-17,2.3833e-16,2.0192000000000002e-17,9.16e-17,6.2960100000000015e-18,-99.0,-99.0,1.15638e-16,1.73331e-17,1.75675e-16,5.40048e-17,8.20438e-16,6.95099e-17,2.42502e-16,1.6668099999999998e-17,-99.0,-99.0,5.83401e+41,4.0099328930240185e+40
309_1_9,1.00416,5.993000000000001e-17,5.993000000000001e-17,1.5047e-17,1.427e-17,1.0777e-16,2.0337e-17,1.1553e-16,7.79253e-18,2.57e-17,6.722e-18,3.0329099999999996e-16,3.03088e-17,7.22359e-17,6.85058e-17,3.7099199999999997e-16,7.0009e-17,3.59364e-16,2.42392e-17,6.27019e-17,1.64001e-17,6.1061300000000004e+41,4.1186013337574656e+40
309_1_10,1.1467,7.976e-17,7.976e-17,3.568000000000001e-18,1.3554000000000002e-17,2.375e-17,7.657e-18,1.4859e-16,1.24172e-17,5.113e-17,1.1129e-17,4.03645e-16,3.65234e-17,1.8151800000000002e-17,6.89546e-17,8.17581e-17,2.63588e-17,4.820059999999999e-16,4.02797e-17,1.24745e-16,2.7152100000000002e-17,1.09065e+42,9.114219785988292e+40
309_1_11,1.10343,5.343e-17,5.343e-17,4.8245e-17,1.4082e-17,4.2738e-17,1.4473e-17,2.3934e-16,9.58501e-18,2.767e-17,8.761000000000001e-18,2.70396e-16,2.3907e-17,2.3295900000000003e-16,6.799720000000001e-17,1.47123e-16,4.98225e-17,7.476180000000002e-16,2.99404e-17,6.750819999999999e-17,2.13748e-17,1.5972399999999998e+42,6.396574485000417e+40
309_1_12,0.46679,-99.0,-99.0,-99.0,-99.0,-99.0,-99.0,8.614e-17,8.61721e-18,-99.0,-99.0,-99.0,-99.0,-99.0,-99.0,-99.0,-99.0,2.3694700000000003e-16,2.37035e-17,-99.0,-99.0,7.026610000000002e+40,7.029228460424891e+39
309_1_13,1.0329700000000002,4.312000000000001e-17,4.312000000000001e-17,-1.989e-18,1.4912e-17,9.479e-17,2.7359e-17,1.0753999999999999e-16,1.7321e-17,1.1601999999999999e-16,1.849e-17,2.1822e-16,2.24799e-17,-9.45794e-18,7.090840000000001e-17,3.26309e-16,9.41819e-17,3.3221e-16,5.35076e-17,2.8306100000000003e-16,4.51112e-17,6.0956800000000015e+41,9.818046613353174e+40
309_1_14,0.444443,1.7665e-16,1.7665e-16,4.754e-17,4.133e-18,4.825e-17,5.152e-18,2.2578999999999997e-16,2.7509e-17,1.1203000000000002e-16,2.966e-17,8.939810000000002e-16,1.5616e-16,1.13112e-15,9.83369e-17,1.66098e-16,1.77355e-17,2.2356200000000002e-15,2.72376e-16,2.73327e-16,7.236329999999999e-17,1.6385400000000001e+41,1.9963061632490374e+40
309_1_15,1.30984,6.774e-17,6.774e-17,3.243e-17,1.5606000000000002e-17,1.2854e-16,2.8437e-17,6.171e-17,1.25908e-17,3.412e-17,1.3502999999999998e-17,3.42815e-16,1.1832499999999998e-16,1.8886900000000003e-16,9.08879e-17,4.4249199999999995e-16,9.78928e-17,2.2074700000000003e-16,4.5039300000000003e-17,8.324469999999999e-17,3.29441e-17,6.2951100000000014e+41,1.284402381915411e+41
309_1_16,0.812339,4.247e-16,4.247e-16,1.4616e-16,3.2809e-17,9.160700000000001e-16,3.913e-17,5.593e-16,1.74006e-17,5.182e-17,1.1578e-17,2.1493e-15,3.7256699999999996e-16,6.10683e-16,1.37082e-16,3.15352e-15,1.34703e-16,1.5734500000000004e-15,4.8952200000000004e-17,1.2642799999999998e-16,2.82476e-17,1.7523099999999998e+42,5.451679847309136e+40
309_1_17,0.8156100000000001,-99.0,-99.0,-99.0,-99.0,-99.0,-99.0,9.901999999999999e-17,1.96762e-17,-99.0,-99.0,-99.0,-99.0,-99.0,-99.0,-99.0,-99.0,2.80621e-16,5.576210000000001e-17,-99.0,-99.0,3.13268e+41,6.224928117148052e+40
309_1_18,0.99258,-99.0,-99.0,-99.0,-99.0,-99.0,-99.0,5.041e-17,6.27514e-18,-99.0,-99.0,-99.0,-99.0,-99.0,-99.0,-99.0,-99.0,1.29093e-16,1.60697e-17,-99.0,-99.0,2.58901e+41,3.2228526505455267e+40
62_1_3,1.07779,-99.0,-99.0,-99.0,-99.0,-99.0,-99.0,1.5897e-16,4.681270000000001e-17,-99.0,-99.0,-99.0,-99.0,-99.0,-99.0,-99.0,-99.0,1.0046900000000002e-15,2.95858e-16,-99.0,-99.0,1.0009300000000001e+42,2.9474891999119342e+41
62_1_4,1.43262,-99.0,-99.0,-99.0,-99.0,-99.0,-99.0,1.1771e-16,2.37364e-17,-99.0,-99.0,-99.0,-99.0,-99.0,-99.0,-99.0,-99.0,3.0983200000000003e-16,6.24781e-17,-99.0,-99.0,1.4985100000000002e+42,3.021768138985643e+41
62_1_5,0.855001,3.1540000000000003e-17,3.1540000000000003e-17,-99.0,-99.0,-99.0,-99.0,4.2286e-16,8.47568e-17,-99.0,-99.0,1.59616e-16,1.2925200000000001e-17,-99.0,-99.0,-99.0,-99.0,1.47096e-15,2.94835e-16,-99.0,-99.0,1.5025799999999998e+42,3.0117266363335382e+41
62_1_6,0.5605760000000001,1.5030000000000002e-16,1.5030000000000002e-16,2.811e-17,9.340000000000002e-19,9.776e-17,2.9110000000000005e-18,1.2992e-16,1.42265e-17,4.0820000000000003e-17,1.3098e-17,7.60631e-16,2.65942e-17,2.05691e-16,6.8344000000000004e-18,3.3653400000000004e-16,1.0021000000000001e-17,5.48188e-16,6.00275e-17,9.95911e-17,3.1956e-17,1.6454700000000001e+41,1.801822579664409e+40
62_1_7,0.82657,-99.0,-99.0,-99.0,-99.0,-99.0,-99.0,2.0903e-16,1.07829e-17,-99.0,-99.0,-99.0,-99.0,-99.0,-99.0,-99.0,-99.0,5.25491e-16,2.7107800000000006e-17,-99.0,-99.0,6.8339600000000015e+41,3.5253268566234522e+40
62_1_8,0.35917,-99.0,-99.0,-99.0,-99.0,-99.0,-99.0,1.3974e-16,4.290390000000001e-17,-99.0,-99.0,-99.0,-99.0,-99.0,-99.0,-99.0,-99.0,3.73238e-16,1.14594e-16,-99.0,-99.0,6.13342e+40,1.8831232169600694e+40
62_1_9,0.850916,1.1206000000000002e-16,1.1206000000000002e-16,-99.0,-99.0,-99.0,-99.0,8.862299999999999e-16,3.8330699999999996e-16,-99.0,-99.0,5.67108e-16,2.1472800000000002e-17,-99.0,-99.0,-99.0,-99.0,2.42853e-15,1.05038e-15,-99.0,-99.0,3.11217e+42,1.3460575089875089e+42
62_1_11,0.507047,1.5133e-16,1.5133e-16,3.335e-17,1.642e-18,1.8268e-16,7.69e-18,1.7911e-16,1.991e-17,-99.0,-99.0,7.65843e-16,3.59516e-17,1.6936e-16,8.338490000000001e-18,6.28866e-16,2.6472399999999998e-17,5.80253e-16,6.450140000000001e-17,-99.0,-99.0,1.78116e+41,1.9799506225224724e+40
62_1_13,1.13373,4.4180000000000004e-17,4.4180000000000004e-17,-99.0,-99.0,-99.0,-99.0,-99.0,-99.0,-99.0,-99.0,2.23584e-16,1.31681e-17,-99.0,-99.0,-99.0,-99.0,-99.0,-99.0,-99.0,-99.0,-99.0,-99.0
62_1_14,1.80855,1.0459e-16,1.0459e-16,4.47e-17,2.0113e-17,1.7379e-16,2.6845000000000002e-17,-99.0,-99.0,-99.0,-99.0,5.29304e-16,1.08877e-16,2.70839e-16,1.21865e-16,5.98263e-16,9.24125e-17,-99.0,-99.0,-99.0,-99.0,-99.0,-99.0
62_1_15,0.7144,-99.0,-99.0,-99.0,-99.0,-99.0,-99.0,2.1325e-16,1.45145e-17,-99.0,-99.0,-99.0,-99.0,-99.0,-99.0,-99.0,-99.0,5.39618e-16,3.67282e-17,-99.0,-99.0,4.87316e+41,3.316833801641267e+40
62_1_16,0.453964,1.692e-16,1.692e-16,3.943e-17,2.384e-18,2.0128e-16,9.842e-18,5.2642e-16,6.042069999999999e-17,-99.0,-99.0,8.56279e-16,3.38665e-17,7.326519999999999e-16,4.4297299999999993e-17,6.928960000000001e-16,3.38806e-17,4.35862e-15,5.002680000000001e-16,-99.0,-99.0,4.0179700000000004e+41,4.611689525075035e+40
62_1_17,1.21774,-99.0,-99.0,-99.0,-99.0,-99.0,-99.0,6.812e-17,1.51257e-17,-99.0,-99.0,-99.0,-99.0,-99.0,-99.0,-99.0,-99.0,1.83639e-16,4.07762e-17,-99.0,-99.0,5.80202e+41,1.2883090709630066e+41
64_2_5,1.35637,2.0558299999999998e-16,2.0558299999999998e-16,2.6144000000000002e-17,2.9246e-17,1.1817e-16,3.3441e-17,1.6138e-16,1.50846e-17,-99.0,-99.0,1.0404000000000001e-15,1.6627599999999994e-16,1.91659e-16,2.144e-16,4.06794e-16,1.15119e-16,6.81844e-16,6.373360000000001e-17,-99.0,-99.0,1.79469e+42,1.6775424943611354e+41
64_2_6,0.549657,8.399e-17,8.399e-17,1.971e-17,2.491e-18,4.743e-17,4.92e-18,8.24e-17,1.4721400000000002e-17,3.74e-17,1.4487e-17,4.25052e-16,1.6908e-17,1.45793e-16,1.8425600000000002e-17,1.63275e-16,1.69368e-17,3.50411e-16,6.260359999999999e-17,9.12471e-17,3.53448e-17,9.95184e+40,1.7779735118446606e+40
64_2_7,0.90515,-99.0,-99.0,-99.0,-99.0,-99.0,-99.0,5.663000000000001e-17,1.66419e-17,-99.0,-99.0,-99.0,-99.0,-99.0,-99.0,-99.0,-99.0,1.4541899999999999e-16,4.27345e-17,-99.0,-99.0,2.31601e+41,6.8060757229383715e+40
64_2_8,0.61797,-99.0,-99.0,-99.0,-99.0,-99.0,-99.0,5.132e-17,9.13105e-18,-99.0,-99.0,-99.0,-99.0,-99.0,-99.0,-99.0,-99.0,6.04467e-16,1.07549e-16,-99.0,-99.0,8.23256e+40,1.4647684526110679e+40
64_2_9,2.1833400000000003,1.7189e-17,1.7189e-17,4.229e-17,1.5484999999999997e-17,1.9446e-16,1.6964e-17,-99.0,-99.0,-99.0,-99.0,8.69892e-17,3.81277e-17,8.44284e-17,3.09145e-17,6.69418e-16,5.83977e-17,-99.0,-99.0,-99.0,-99.0,-99.0,-99.0
64_2_10,0.658803,2.895e-17,2.895e-17,1.694e-17,6.21e-19,9.057e-17,2.893e-18,6.473999999999998e-17,1.2658900000000001e-17,-99.0,-99.0,1.46509e-16,1.22369e-17,7.07276e-17,2.59279e-18,3.11782e-16,9.959e-18,1.8203499999999998e-16,3.55942e-17,-99.0,-99.0,1.21365e+41,2.373103797497684e+40
64_2_11,0.691347,1.2295e-16,1.2295e-16,-99.0,-99.0,-99.0,-99.0,3.0033e-16,3.42876e-17,-99.0,-99.0,6.222190000000002e-16,3.0030500000000007e-17,-99.0,-99.0,-99.0,-99.0,1.11473e-15,1.27264e-16,-99.0,-99.0,6.33379e+41,7.23106109959045e+40
64_2_12,0.948289,1.1377e-16,1.1377e-16,7.8011e-17,2.2058000000000004e-17,2.9454e-16,6.6893e-17,1.2339e-16,1.7635499999999998e-17,6.040999999999999e-17,2.5886e-17,5.757619999999999e-16,1.8158e-17,4.25711e-16,1.20372e-16,1.01394e-15,2.3027599999999995e-16,4.2109399999999998e-16,6.018489999999999e-17,1.47386e-16,6.31557e-17,5.661120000000001e+41,8.091148533916851e+40
64_2_13,1.5227,-99.0,-99.0,-99.0,-99.0,-99.0,-99.0,1.3327e-16,3.2064000000000004e-17,-99.0,-99.0,-99.0,-99.0,-99.0,-99.0,-99.0,-99.0,4.12223e-16,9.91785e-17,-99.0,-99.0,1.97229e+42,4.7452169700607795e+41
64_2_14,1.12165,-99.0,-99.0,-99.0,-99.0,-99.0,-99.0,4.201e-17,1.02863e-17,-99.0,-99.0,-99.0,-99.0,-99.0,-99.0,-99.0,-99.0,1.0538100000000002e-16,2.58029e-17,-99.0,-99.0,2.9195000000000002e+41,7.1485010354677475e+40
64_2_15,0.896652,2.797e-17,2.797e-17,-4.6223000000000004e-17,2.7062000000000003e-17,1.5085e-16,2.3663e-17,3.4062e-16,4.26096e-17,-99.0,-99.0,1.4154899999999999e-16,8.922100000000001e-18,-3.63333e-16,2.12719e-16,5.192930000000002e-16,8.145859999999999e-17,1.5136200000000001e-15,1.89345e-16,-99.0,-99.0,1.3609899999999999e+42,1.7025200958252596e+41
64_2_16,1.93758,2.1940000000000002e-17,2.1940000000000002e-17,1.984e-17,9.75e-18,1.1904999999999998e-16,1.3112000000000001e-17,-99.0,-99.0,-99.0,-99.0,1.1103299999999998e-16,5.0324099999999986e-17,3.96089e-17,1.9465e-17,4.09823e-16,4.51374e-17,-99.0,-99.0,-99.0,-99.0,-99.0,-99.0
64_2_18,0.4880899999999999,-99.0,-99.0,-99.0,-99.0,-99.0,-99.0,3.8340000000000004e-17,8.572860000000001e-18,1.8940000000000002e-17,7.145e-18,-99.0,-99.0,-99.0,-99.0,-99.0,-99.0,1.34571e-16,3.00903e-17,4.62091e-17,1.74321e-17,3.4797e+40,7.780641873239437e+39
309_2_1,1.54539,4.370000000000001e-17,4.370000000000001e-17,5.701e-17,8.599999999999999e-18,4.2108e-16,1.2575999999999998e-17,1.64e-16,1.91272e-17,-99.0,-99.0,2.21155e-16,8.16957e-17,2.19358e-16,3.30904e-17,1.44955e-15,4.32922e-17,4.34677e-16,5.06961e-17,-99.0,-99.0,2.5172800000000002e+42,2.9358852448780493e+41
309_2_3,1.58588,-99.0,-99.0,-99.0,-99.0,7.13e-17,7.002999999999999e-18,-99.0,-99.0,-99.0,-99.0,-99.0,-99.0,-99.0,-99.0,2.45446e-16,2.41074e-17,-99.0,-99.0,-99.0,-99.0,-99.0,-99.0
309_2_4,1.73076,4.459e-17,4.459e-17,2.702e-17,6.96e-18,1.9871e-16,9.379e-18,-99.0,-99.0,-99.0,-99.0,2.25659e-16,3.71864e-17,5.39431e-17,1.3895e-17,6.84048e-16,3.22867e-17,-99.0,-99.0,-99.0,-99.0,-99.0,-99.0
309_2_5,1.87458,9.489e-17,9.489e-17,3.479e-17,9.347000000000001e-18,2.0259e-16,1.1706e-17,-99.0,-99.0,-99.0,-99.0,4.802150000000002e-16,9.930200000000002e-17,6.94553e-17,1.86605e-17,6.97405e-16,4.02973e-17,-99.0,-99.0,-99.0,-99.0,-99.0,-99.0
309_2_6,0.60138,-99.0,-99.0,-99.0,-99.0,-99.0,-99.0,5.496e-17,1.02512e-17,-99.0,-99.0,-99.0,-99.0,-99.0,-99.0,-99.0,-99.0,1.45344e-16,2.71096e-17,-99.0,-99.0,8.252470000000002e+40,1.539259833770015e+40
309_2_7,1.67252,7.751e-18,7.751e-18,1.948e-17,8.092000000000001e-18,1.1736e-16,1.1016e-17,-99.0,-99.0,-99.0,-99.0,3.9225900000000003e-17,6.25711e-17,3.88902e-17,1.6155e-17,4.04005e-16,3.7922e-17,-99.0,-99.0,-99.0,-99.0,-99.0,-99.0
309_2_8,1.19116,-99.0,-99.0,-99.0,-99.0,-99.0,-99.0,3.2340000000000005e-17,5.310990000000001e-18,-99.0,-99.0,-99.0,-99.0,-99.0,-99.0,-99.0,-99.0,8.71345e-17,1.43095e-17,-99.0,-99.0,2.6081000000000002e+41,4.2831147244897967e+40
309_2_9,0.41834,-99.0,-99.0,-99.0,-99.0,-99.0,-99.0,6.263999999999998e-17,1.87325e-17,-99.0,-99.0,-99.0,-99.0,-99.0,-99.0,-99.0,-99.0,1.56568e-16,4.682180000000001e-17,-99.0,-99.0,3.93727e+40,1.1774410963441893e+40
309_2_11,0.463605,6.419e-17,6.419e-17,1.721e-17,1.573e-18,1.7780000000000002e-17,4.198e-18,1.2767999999999999e-16,1.74819e-17,5.774e-17,1.8489e-17,3.2485e-16,1.86084e-17,2.09141e-16,1.91155e-17,6.12067e-17,1.44514e-17,7.775699999999999e-16,1.06464e-16,1.40872e-16,4.51088e-17,1.02463e+41,1.402919736607143e+40
309_2_13,1.22755,1.568e-17,1.568e-17,-6.285e-18,9.196e-18,8.311e-17,1.4687999999999998e-17,6.417e-17,2.27038e-17,-99.0,-99.0,7.935260000000001e-17,1.09717e-17,-2.95586e-17,4.32492e-17,2.86102e-16,5.05626e-17,1.9666e-16,6.957949999999998e-17,-99.0,-99.0,5.575200000000001e+41,1.972545204301076e+41
309_2_14,1.83405,-99.0,-99.0,-99.0,-99.0,1.4447e-16,2.2224e-17,-99.0,-99.0,-99.0,-99.0,-99.0,-99.0,-99.0,-99.0,4.9733e-16,7.65049e-17,-99.0,-99.0,-99.0,-99.0,-99.0,-99.0
309_2_17,1.60022,4.305e-17,4.305e-17,2.109e-18,1.4025e-17,6.479e-17,1.2163e-17,-99.0,-99.0,-99.0,-99.0,2.17865e-16,8.43627e-17,4.2104400000000016e-18,2.79997e-17,2.2303599999999995e-16,4.18705e-17,-99.0,-99.0,-99.0,-99.0,-99.0,-99.0
309_2_18,1.06289,2.292e-17,2.292e-17,7.251e-17,2.6174000000000006e-17,9.908e-17,2.3007e-17,9.749e-17,3.29596e-17,-99.0,-99.0,1.15992e-16,1.333e-17,4.0632299999999997e-16,1.46671e-16,3.4107800000000003e-16,7.92004e-17,3.3914800000000006e-16,1.1466e-16,-99.0,-99.0,5.93047e+41,2.004984295948303e+41
309_2_20,0.51876,-99.0,-99.0,-99.0,-99.0,-99.0,-99.0,7.508e-17,1.62823e-17,-99.0,-99.0,-99.0,-99.0,-99.0,-99.0,-99.0,-99.0,2.2768900000000004e-16,4.9378199999999986e-17,-99.0,-99.0,7.88766e+40,1.7105653492008522e+40
236_1_2,0.929109,3.13e-17,3.13e-17,2.6738e-17,2.7526999999999998e-17,7.803399999999999e-17,2.5711e-17,1.1398999999999998e-16,2.53637e-17,-99.0,-99.0,1.58401e-16,1.1978800000000001e-17,2.06896e-16,2.13002e-16,2.68628e-16,8.850870000000001e-17,5.008149999999999e-16,1.11435e-16,-99.0,-99.0,4.97245e+41,1.106410475173261e+41
236_1_3,1.16418,-99.0,-99.0,-99.0,-99.0,-99.0,-99.0,1.0605e-16,1.12735e-17,2.173e-17,1.0063e-17,-99.0,-99.0,-99.0,-99.0,-99.0,-99.0,2.7753200000000003e-16,2.95028e-17,5.301600000000001e-17,2.45513e-17,8.08108e+41,8.590481412541253e+40
236_1_4,0.516407,7.911e-17,7.911e-17,3.284e-17,1.441e-18,3.156e-17,1.779e-18,6.667e-17,2.00809e-17,-99.0,-99.0,4.00356e-16,2.88058e-17,3.4282400000000004e-16,1.5042900000000002e-17,1.08644e-16,6.124109999999999e-18,3.6375699999999997e-16,1.0956299999999999e-16,-99.0,-99.0,6.92797e+40,2.086693756907155e+40
236_1_5,0.47893,-99.0,-99.0,-99.0,-99.0,-99.0,-99.0,1.5124e-16,2.35172e-17,-99.0,-99.0,-99.0,-99.0,-99.0,-99.0,-99.0,-99.0,1.8700600000000007e-15,2.90787e-16,-99.0,-99.0,1.31178e+41,2.0397641243057396e+40
236_1_6,1.21682,2.6640000000000006e-17,2.6640000000000006e-17,-2.3232e-17,1.6493e-17,6.971000000000001e-18,1.5304e-17,6.157000000000001e-17,1.17765e-17,-99.0,-99.0,1.34818e-16,8.947410000000002e-18,-1.5618299999999998e-16,1.1087799999999999e-16,2.39973e-17,5.26832e-17,2.4434200000000003e-16,4.6735200000000004e-17,-99.0,-99.0,5.23433e+41,1.0011708176871852e+41
236_1_7,0.89917,-99.0,-99.0,-99.0,-99.0,-99.0,-99.0,4.844e-17,9.22521e-18,-99.0,-99.0,-99.0,-99.0,-99.0,-99.0,-99.0,-99.0,1.46314e-16,2.7865000000000004e-17,-99.0,-99.0,1.94892e+41,3.711642500660612e+40
236_1_8,0.5542630000000001,4.8670000000000004e-17,4.8670000000000004e-17,1.449e-17,4.06e-19,1.4310000000000002e-17,2.997e-18,6.308000000000001e-17,1.26641e-17,-99.0,-99.0,2.46307e-16,1.80112e-17,3.55702e-16,9.966520000000001e-18,4.926140000000001e-17,1.0317e-17,6.388499999999999e-16,1.28257e-16,-99.0,-99.0,7.773570000000002e+40,1.5606415319752698e+40
236_1_9,1.19264,-99.0,-99.0,2.128e-18,1.7213e-17,5.649e-17,1.1556e-17,8.945999999999999e-17,1.54856e-17,-99.0,-99.0,-99.0,-99.0,1.02312e-17,8.27586e-17,1.94464e-16,3.97809e-17,2.7857400000000003e-16,4.82213e-17,-99.0,-99.0,7.236820000000001e+41,1.2526995281913706e+41
236_1_10,0.49731,2.6840000000000002e-17,2.6840000000000002e-17,1.7499999999999998e-17,1.081e-18,1.849e-17,3.674e-18,3.4066e-16,2.6539600000000006e-17,-99.0,-99.0,1.3583100000000002e-16,3.8117600000000004e-17,2.0754099999999998e-16,1.2820100000000003e-17,6.36508e-17,1.26475e-17,2.0383400000000003e-15,1.588e-16,-99.0,-99.0,3.2336500000000007e+41,2.5192208518757714e+40
236_1_11,0.37732,-99.0,-99.0,-99.0,-99.0,-99.0,-99.0,6.353999999999998e-17,9.302810000000001e-18,-99.0,-99.0,-99.0,-99.0,-99.0,-99.0,-99.0,-99.0,1.85085e-16,2.7098100000000002e-17,-99.0,-99.0,3.1307100000000004e+40,4.583632404013222e+39
236_1_12,0.866856,2.804e-17,2.804e-17,-5.122600000000001e-17,4.2980000000000004e-17,1.3999999999999998e-16,3.6607e-17,1.4806999999999998e-16,3.60637e-17,7.095e-17,3.35e-17,1.41903e-16,1.46964e-17,-1.04566e-15,8.77333e-16,4.81942e-16,1.26018e-16,1.31225e-15,3.19611e-16,1.7310099999999999e-16,8.1732e-17,5.44315e+41,1.325725188458162e+41
236_1_13,1.01605,1.953e-17,1.953e-17,4.412e-18,1.7302999999999998e-17,2.0899e-17,1.5055e-17,9.068e-17,9.49625e-18,1.937e-17,8.327e-18,9.883639999999999e-17,1.26468e-17,2.47059e-17,9.68916e-17,7.19437e-17,5.182600000000001e-17,3.1529500000000003e-16,3.3018500000000003e-17,4.72582e-17,2.03159e-17,4.93429e+41,5.167319300011028e+40
236_1_14,0.936221,2.584e-17,2.584e-17,2.895e-17,1.6496e-17,1.9123e-16,2.3062e-17,6.587e-17,7.24561e-18,-99.0,-99.0,1.3077e-16,1.0986900000000001e-17,1.24971e-16,7.12097e-17,6.58299e-16,7.938970000000001e-17,1.89735e-16,2.08706e-17,-99.0,-99.0,2.9280000000000007e+41,3.220759993927434e+40
236_1_15,0.8984200000000001,-99.0,-99.0,-99.0,-99.0,-99.0,-99.0,5.1060000000000004e-17,1.02096e-17,-99.0,-99.0,-99.0,-99.0,-99.0,-99.0,-99.0,-99.0,4.41545e-16,8.828819999999998e-17,-99.0,-99.0,2.0501000000000002e+41,4.0992363807285546e+40
236_1_16,0.98111,-99.0,-99.0,-99.0,-99.0,-99.0,-99.0,7.202e-17,2.1689600000000002e-17,-99.0,-99.0,-99.0,-99.0,-99.0,-99.0,-99.0,-99.0,2.1937599999999998e-16,6.60675e-17,-99.0,-99.0,3.59411e+41,1.0824050021660652e+41
236_1_17,0.65699,-99.0,-99.0,-99.0,-99.0,-99.0,-99.0,3.258e-17,7.84491e-18,-99.0,-99.0,-99.0,-99.0,-99.0,-99.0,-99.0,-99.0,1.43631e-16,3.45849e-17,-99.0,-99.0,6.06672e+40,1.4608002576795582e+40
236_2_6,0.5043300000000001,-99.0,-99.0,-99.0,-99.0,-99.0,-99.0,4.695e-17,1.4835499999999998e-17,-99.0,-99.0,-99.0,-99.0,-99.0,-99.0,-99.0,-99.0,1.45409e-16,4.5947100000000004e-17,-99.0,-99.0,4.6091e+40,1.4564068807241748e+40
236_2_8,0.45913,-99.0,-99.0,-99.0,-99.0,-99.0,-99.0,7.745e-17,1.59649e-17,-99.0,-99.0,-99.0,-99.0,-99.0,-99.0,-99.0,-99.0,2.48528e-16,5.1229399999999993e-17,-99.0,-99.0,6.073130000000002e+40,1.2518645982827635e+40
236_2_9,0.89466,7.952e-17,7.952e-17,7.1855e-17,2.7465e-17,3.2206e-17,2.4165e-17,8.412e-17,8.81858e-18,-99.0,-99.0,4.02431e-16,2.2378600000000002e-17,6.16746e-16,2.3573800000000003e-16,1.10867e-16,8.31867e-17,3.9836400000000005e-16,4.17618e-17,-99.0,-99.0,3.3427200000000007e+41,3.5042848000000014e+40
236_2_10,0.62049,-99.0,-99.0,-99.0,-99.0,-99.0,-99.0,2.6680000000000003e-17,6.6575500000000004e-18,-99.0,-99.0,-99.0,-99.0,-99.0,-99.0,-99.0,-99.0,9.23352e-17,2.3040700000000004e-17,-99.0,-99.0,4.32247e+40,1.0786004553410794e+40
236_2_11,1.87119,-99.0,-99.0,1.964e-17,9.597e-18,1.5757e-16,1.4049e-17,-99.0,-99.0,-99.0,-99.0,-99.0,-99.0,3.92096e-17,1.91596e-17,5.42426e-16,4.83629e-17,-99.0,-99.0,-99.0,-99.0,-99.0,-99.0
236_2_12,0.119174,-99.0,-99.0,5.62e-17,1.854e-18,2.4893e-16,1.0232e-17,1.2549e-16,2.1901900000000004e-18,2.659e-17,2.2290000000000002e-18,-99.0,-99.0,3.66305e-16,1.20842e-17,8.569280000000002e-16,3.52231e-17,4.86985e-16,8.4994e-18,6.48733e-17,5.438229999999999e-18,4.6407799999999997e+39,8.099601520599253e+37
236_2_13,0.936029,2.838e-17,2.838e-17,-1.3746e-17,2.5797e-17,-2.137e-17,2.3278000000000002e-17,1.1673e-16,2.77012e-17,-99.0,-99.0,1.43624e-16,4.4737e-18,-1.16218e-16,2.18105e-16,-7.35651e-17,8.013329999999998e-17,5.46792e-16,1.29759e-16,-99.0,-99.0,5.1861500000000004e+41,1.2307254208858049e+41
236_2_14,0.64595,-99.0,-99.0,-99.0,-99.0,-99.0,-99.0,2.4110000000000002e-17,7.577769999999999e-18,-99.0,-99.0,-99.0,-99.0,-99.0,-99.0,-99.0,-99.0,8.0545e-17,2.5315300000000006e-17,-99.0,-99.0,4.30781e+40,1.353944146980506e+40
236_2_15,0.4848,-99.0,-99.0,-99.0,-99.0,-99.0,-99.0,8.66e-17,2.06231e-17,-99.0,-99.0,-99.0,-99.0,-99.0,-99.0,-99.0,-99.0,2.63069e-16,6.264800000000001e-17,-99.0,-99.0,7.73345e+40,1.841659499942263e+40
236_2_16,1.0507799999999998,1.361e-17,1.361e-17,-3.1683e-17,2.2674e-17,-3.895800000000001e-17,2.1344000000000006e-17,4.0871e-16,1.7756e-16,-99.0,-99.0,6.887680000000001e-17,5.536459999999999e-18,-1.59137e-16,1.13887e-16,-1.34111e-16,7.34756e-17,1.3136e-15,5.70681e-16,-99.0,-99.0,2.4167499999999998e+42,1.0499330332020258e+42
236_2_17,1.05149,-99.0,-99.0,-99.0,-99.0,-99.0,-99.0,5.502000000000001e-17,9.45656e-18,-99.0,-99.0,-99.0,-99.0,-99.0,-99.0,-99.0,-99.0,3.08353e-16,5.29982e-17,-99.0,-99.0,3.25884e+41,5.601129769247545e+40
236_2_19,0.93575,2.186e-17,2.186e-17,3.0556e-17,3.2083e-17,7.412e-17,3.0633e-17,1.2388999999999998e-16,1.7011500000000002e-17,9.101e-17,1.8563e-17,1.10628e-16,4.762169999999999e-18,3.6027999999999996e-16,3.78285e-16,2.5515400000000003e-16,1.0545199999999999e-16,7.381869999999999e-16,1.0136099999999999e-16,2.2204299999999998e-16,4.528930000000001e-17,5.50021e+41,7.552411204697718e+40
