id_fors,ra,dec,orig_par_obj,v1.0_par_obj,z_fors,z_fors_err,z_wisp,z_wisp_err,v1.0_redshift,v1.0_redshift_err,flag
309_1_2,324.796295,-38.39867,309_78,-99,-99.0,-99.0,0.87427,0.004,-99.0,-99.0,0.0
309_1_3,324.791656,-38.400009,309_70,-99,1.14608,0.0001227,1.12955,0.00798,-99.0,-99.0,1.0
309_1_4,324.796661,-38.40276,309_2049,-99,-99.0,-99.0,0.43774,0.00116,-99.0,-99.0,2.0
309_1_5,324.791901,-38.40506,309_16,-99,0.674973,0.0001563,0.66822,0.00146,-99.0,-99.0,0.0
309_1_6,324.787109,-38.407669,309_177,309_163,1.144,0.0001464,1.13974,0.00105,1.1451,0.0029,2.0
309_1_7,324.807861,-38.41227,309_2003,-99,0.418397,0.0001161,0.4163,0.0005,-99.0,-99.0,0.0
309_1_8,324.804596,-38.414127,309_213,-99,1.0828,0.0001559,1.08178,0.00048,-99.0,-99.0,0.0
309_1_9,324.818878,-38.41848,309_64,-99,1.00416,0.0001411,1.00645,0.00273,-99.0,-99.0,0.0
309_1_10,324.800079,-38.417969,309_56,309_56,1.1467,0.0001452,1.14898,0.00102,1.1552,0.0025455844122715,0.0
309_1_11,324.806,-38.420925,309_39,309_39,1.10343,0.0001461,1.10703,0.00035,1.1118,0.0008485281374238,0.0
309_1_12,324.787689,-38.420532,309_182,309_190,-99.0,-99.0,0.46679,0.00055,1.3073,0.0019,2.0
309_1_13,324.804443,-38.426811,309_96,-99,1.03297,9.3e-05,0.34588,0.00065,-99.0,-99.0,0.0
309_1_14,324.793671,-38.427509,309_11,309_11,0.444443,0.0001051,0.4484,0.00098,0.4463,0.0007,0.0
309_1_15,324.810699,-38.431347,309_69,309_66,-99.0,-99.0,1.30984,0.00177,1.3118,0.0016970562748477,0.0
309_1_16,324.797699,-38.433235,309_40,309_40,0.812339,0.0001292,0.81089,0.00026,0.8156,0.0004242640687119,0.0
309_1_17,324.800323,-38.435749,309_116,-99,-99.0,-99.0,0.81561,0.00222,-99.0,-99.0,0.0
309_1_18,324.796814,-38.437038,309_330,-99,-99.0,-99.0,0.99258,0.00072,-99.0,-99.0,2.0
309_2_1,324.821655,-38.423347,309_123,-99,-99.0,-99.0,1.54539,0.00287,-99.0,-99.0,0.0
309_2_3,324.810425,-38.428787,309_1035,-99,-99.0,-99.0,1.58588,0.00134,-99.0,-99.0,2.0
309_2_4,324.815277,-38.415436,309_102,-99,-99.0,-99.0,1.73076,0.00111,-99.0,-99.0,0.0
309_2_5,324.807892,-38.424446,309_84,309_82,-99.0,-99.0,1.87458,0.00219,1.8749,0.0025455844122715,0.0
309_2_6,324.798615,-38.434273,309_296,-99,-99.0,-99.0,0.60138,0.00162,-99.0,-99.0,2.0
309_2_7,324.793884,-38.437054,309_136,309_129,-99.0,-99.0,1.67252,0.00167,1.0361,0.0043840620433565,1.0
309_2_8,324.803192,-38.413239,309_2057,-99,-99.0,-99.0,1.19116,0.00127,-99.0,-99.0,2.0
309_2_9,324.798676,-38.416111,309_2042,-99,-99.0,-99.0,0.41834,0.00192,-99.0,-99.0,2.0
309_2_11,324.794006,-38.416855,309_23,309_24,0.463605,0.0001022,0.46443,0.00123,0.4666,0.001414213562373,0.0
309_2_13,324.797455,-38.402336,309_113,-99,1.22755,6.98e-05,1.2254,0.00068,-99.0,-99.0,1.0
309_2_14,324.783539,-38.423065,309_115,309_111,-99.0,-99.0,1.83405,0.00332,1.1612,0.0039597979746446,2.0
309_2_17,324.773926,-38.425514,309_179,-99,-99.0,-99.0,1.60022,0.00486,-99.0,-99.0,1.0
309_2_18,324.773132,-38.419743,309_47,-99,1.06289,0.000147,1.0474,0.00405,-99.0,-99.0,1.0
309_2_20,324.76767,-38.416943,309_118,-99,-99.0,-99.0,0.51876,0.00233,-99.0,-99.0,1.0
-99,324.784363,-38.410721,309_8,309_7,-99.0,-99.0,0.53665,0.00267,0.536,0.0009899494936611,2.0
-99,324.795441,-38.409401,309_20,-99,-99.0,-99.0,0.67563,0.00082,-99.0,-99.0,1.0
-99,324.808411,-38.429173,309_30,-99,-99.0,-99.0,0.33472,0.00158,-99.0,-99.0,0.0
-99,324.79541,-38.433521,309_43,-99,-99.0,-99.0,0.59819,0.00108,-99.0,-99.0,0.0
-99,324.795837,-38.402107,309_44,-99,-99.0,-99.0,0.95622,0.00087,-99.0,-99.0,0.0
-99,324.806061,-38.420425,309_46,-99,-99.0,-99.0,1.12144,0.00269,-99.0,-99.0,2.0
-99,324.789368,-38.421467,309_57,-99,-99.0,-99.0,1.86458,0.00201,-99.0,-99.0,0.0
-99,324.804352,-38.426491,309_129,-99,-99.0,-99.0,0.54291,0.0019,-99.0,-99.0,2.0
-99,324.790192,-38.433468,309_157,309_157,-99.0,-99.0,1.55127,0.0022,1.55735,0.0021213203435596,0.0
-99,324.801208,-38.400761,309_185,-99,-99.0,-99.0,1.6201,0.00161,-99.0,-99.0,0.0
-99,324.811981,-38.42231,309_210,-99,-99.0,-99.0,2.30361,0.0026,-99.0,-99.0,1.0
-99,324.786133,-38.40937,309_307,-99,-99.0,-99.0,0.77171,0.00243,-99.0,-99.0,2.0
-99,324.799622,-38.414211,309_322,309_363,-99.0,-99.0,1.87657,0.00147,1.1972,0.0015,2.0
-99,324.808838,-38.419418,309_1014,-99,-99.0,-99.0,1.13713,0.00264,-99.0,-99.0,2.0
-99,324.80426,-38.428768,309_1037,-99,-99.0,-99.0,1.28886,0.00132,-99.0,-99.0,2.0
236_1_2,231.191513,0.428666,236_49,-99,0.929109,0.0001325,0.92304,0.00385,-99.0,-99.0,2.0
236_1_3,231.194687,0.427741,236_239,-99,-99.0,-99.0,1.16418,0.00105,-99.0,-99.0,1.0
236_1_4,231.193039,0.418988,236_61,-99,0.516407,7.86e-05,0.5167,0.00162,-99.0,-99.0,2.0
236_1_5,231.196732,0.4219,236_18,-99,-99.0,-99.0,0.47893,0.0018,-99.0,-99.0,2.0
236_1_6,231.204025,0.432063,236_79,-99,1.21682,-9.3e-06,1.21041,0.00221,-99.0,-99.0,2.0
236_1_7,231.202774,0.421722,236_192,-99,-99.0,-99.0,0.89917,0.00143,-99.0,-99.0,2.0
236_1_8,231.2034,0.417798,236_34,-99,0.554263,7.21e-05,0.55401,0.00173,-99.0,-99.0,2.0
236_1_9,231.213028,0.436693,236_106,-99,-99.0,-99.0,1.19264,0.00154,-99.0,-99.0,0.0
236_1_10,231.215302,0.435545,236_17,236_16,0.49731,0.0001432,0.49558,0.00078,0.4998,0.0012727922061357,2.0
236_1_11,231.212418,0.422663,236_243,-99,-99.0,-99.0,0.37732,0.00078,-99.0,-99.0,2.0
236_1_12,231.213715,0.421263,236_20,-99,0.866856,0.0002007,0.85508,0.0041,-99.0,-99.0,1.0
236_1_13,231.208893,0.40411,236_81,-99,1.01605,0.0001008,1.02277,0.00064,-99.0,-99.0,1.0
236_1_14,231.220016,0.426617,236_204,236_213,0.936221,8.59e-05,0.9376,0.00079,0.9376,0.0007,0.0
236_1_15,231.215988,0.409946,236_46,-99,-99.0,-99.0,0.89842,0.00154,-99.0,-99.0,2.0
236_1_16,231.224136,0.421997,236_141,-99,-99.0,-99.0,0.98111,0.00382,-99.0,-99.0,2.0
236_1_17,231.225616,0.415714,236_134,-99,-99.0,-99.0,0.65699,0.00137,-99.0,-99.0,2.0
236_2_6,231.204132,0.433547,236_220,-99,-99.0,-99.0,0.50433,0.00209,-99.0,-99.0,2.0
236_2_8,231.209991,0.431776,236_148,-99,-99.0,-99.0,0.45913,0.00098,-99.0,-99.0,2.0
236_2_9,231.196442,0.419702,236_58,-99,0.89466,0.0001197,0.89808,0.00112,-99.0,-99.0,2.0
236_2_10,231.200623,0.41971,236_227,-99,-99.0,-99.0,0.62049,0.00134,-99.0,-99.0,2.0
236_2_11,231.193268,0.412542,236_138,-99,-99.0,-99.0,1.87119,0.00134,-99.0,-99.0,1.0
236_2_12,231.196365,0.411637,236_115,-99,0.119174,0.0001581,0.35872,0.00166,-99.0,-99.0,2.0
236_2_13,231.21344,0.420981,236_45,-99,0.936029,0.0001645,0.944,0.00347,-99.0,-99.0,2.0
236_2_14,231.201431,0.407339,236_256,-99,-99.0,-99.0,0.64595,0.00129,-99.0,-99.0,2.0
236_2_15,231.20108,0.404461,236_161,-99,-99.0,-99.0,0.4848,0.00251,-99.0,-99.0,2.0
236_2_16,231.203796,0.404216,236_32,-99,1.05078,0.0001462,1.05812,0.00556,-99.0,-99.0,2.0
236_2_17,231.21347,0.407567,236_60,-99,-99.0,-99.0,1.05149,0.00124,-99.0,-99.0,2.0
236_2_19,231.222809,0.406732,236_30,-99,0.93575,0.0001143,0.92724,0.00613,-99.0,-99.0,0.0
-99,231.20018,0.417453,236_42,236_37,-99.0,-99.0,1.56048,0.00127,0.9518,0.0012,0.0
-99,231.218887,0.433637,236_77,236_74,-99.0,-99.0,1.84962,0.0019,1.1674,0.003,0.0
-99,231.216522,0.43541,236_86,-99,-99.0,-99.0,1.18063,0.00302,-99.0,-99.0,2.0
-99,231.206558,0.405696,236_107,236_101,-99.0,-99.0,1.98466,0.00178,1.2756,0.0011,0.0
-99,231.210236,0.412941,236_121,236_114,-99.0,-99.0,1.99332,0.00223,0.7,0.0015,0.0
-99,231.202896,0.402081,236_232,-99,-99.0,-99.0,0.3705,0.00177,-99.0,-99.0,2.0
-99,231.200409,0.411638,236_273,-99,-99.0,-99.0,1.35426,0.00205,-99.0,-99.0,2.0
64_2_5,219.368164,-1.847108,64_34,-99,-99.0,-99.0,1.35637,0.00259,-99.0,-99.0,0.0
64_2_6,219.377548,-1.846494,64_63,64_63,0.549657,0.0001373,0.54933,0.00129,0.5535,0.0011,1.0
64_2_7,219.361206,-1.836874,64_1031,-99,-99.0,-99.0,0.90515,0.00271,-99.0,-99.0,2.0
64_2_8,219.375244,-1.836585,64_37,-99,-99.0,-99.0,0.61797,0.0008,-99.0,-99.0,2.0
64_2_9,219.368073,-1.831808,64_210,64_217,-99.0,-99.0,2.18334,0.00141,2.1886,0.0,1.0
64_2_10,219.365463,-1.828888,64_206,-99,0.658803,8.92e-05,0.65948,0.00075,-99.0,-99.0,2.0
64_2_11,219.361145,-1.826129,64_35,-99,0.691347,8.96e-05,0.68845,0.00093,-99.0,-99.0,2.0
64_2_12,219.359406,-1.823243,64_61,64_62,0.948289,0.0001212,0.94499,0.00405,0.94925,0.0060207972893961,0.0
64_2_13,219.371643,-1.823598,64_77,64_70,-99.0,-99.0,1.5227,0.0021,1.5236,0.0022,2.0
64_2_14,219.382263,-1.822951,64_2021,-99,-99.0,-99.0,1.12165,0.00283,-99.0,-99.0,2.0
64_2_15,219.375214,-1.819262,64_19,64_16,0.896652,0.0001792,0.89592,0.00077,0.9054,0.0031112698372208,0.0
64_2_16,219.373138,-1.816697,64_261,64_286,-99.0,-99.0,1.93758,0.00287,1.94805,0.0026172504656604,1.0
64_2_18,219.377258,-1.81113,64_148,-99,-99.0,-99.0,0.48809,0.00074,-99.0,-99.0,1.0
-99,219.3685,-1.838421,64_22,64_22,-99.0,-99.0,0.67574,0.00149,0.679,0.0011,2.0
-99,219.363022,-1.836985,64_38,-99,-99.0,-99.0,0.98502,0.00258,-99.0,-99.0,1.0
-99,219.382339,-1.818475,64_41,64_39,-99.0,-99.0,0.55061,0.00048,0.5479,0.0015556349186104,0.0
-99,219.384506,-1.820146,64_44,-99,-99.0,-99.0,0.90551,0.00202,-99.0,-99.0,2.0
-99,219.369156,-1.837445,64_54,64_55,-99.0,-99.0,0.67651,0.00036,0.66955,0.0004242640687119,0.0
-99,219.356033,-1.828443,64_62,-99,-99.0,-99.0,1.28529,0.00305,-99.0,-99.0,0.0
-99,219.369766,-1.837868,64_70,64_73,-99.0,-99.0,1.43695,0.00558,2.2076,0.0019,0.0
-99,219.363037,-1.845098,64_78,-99,-99.0,-99.0,1.19865,0.0027,-99.0,-99.0,1.0
-99,219.357758,-1.833909,64_91,-99,-99.0,-99.0,1.42011,0.00224,-99.0,-99.0,1.0
-99,219.352936,-1.82923,64_114,-99,-99.0,-99.0,0.96551,0.00111,-99.0,-99.0,2.0
-99,219.364853,-1.819793,64_143,-99,-99.0,-99.0,1.14518,0.00177,-99.0,-99.0,2.0
-99,219.36264,-1.831176,64_168,-99,-99.0,-99.0,0.63112,0.00088,-99.0,-99.0,2.0
-99,219.367111,-1.838589,64_179,-99,-99.0,-99.0,0.6774,0.00074,-99.0,-99.0,2.0
-99,219.355133,-1.831499,64_195,-99,-99.0,-99.0,1.13879,0.00218,-99.0,-99.0,2.0
-99,219.372055,-1.839963,64_203,64_260,-99.0,-99.0,1.43812,0.00112,1.4464,0.0022627416997969,0.0
-99,219.362686,-1.827755,64_213,64_227,-99.0,-99.0,1.32293,0.0022,1.3267,0.0033241540277189,0.0
-99,219.361313,-1.834042,64_239,-99,-99.0,-99.0,0.93636,0.00211,-99.0,-99.0,2.0
-99,219.375595,-1.846837,64_1029,-99,-99.0,-99.0,1.05966,0.00075,-99.0,-99.0,1.0
-99,219.380447,-1.83824,64_2051,-99,-99.0,-99.0,1.24619,0.00154,-99.0,-99.0,2.0
-99,219.375824,-1.847603,64_2056,64_213,-99.0,-99.0,1.61108,0.00166,1.6158,0.0010630145812734,1.0
62_1_3,195.315781,-0.025592,62_22,-99,-99.0,-99.0,1.07779,0.00313,-99.0,-99.0,2.0
62_1_4,195.322037,-0.023667,62_2029,-99,-99.0,-99.0,1.43262,0.00256,-99.0,-99.0,2.0
62_1_5,195.327118,-0.019925,62_21,-99,0.855001,0.0001215,0.86548,0.00272,-99.0,-99.0,2.0
62_1_6,195.318176,-0.018129,62_47,-99,0.560576,0.0001011,0.55914,0.00043,-99.0,-99.0,0.0
62_1_7,195.325012,-0.013956,62_278,-99,-99.0,-99.0,0.82657,0.00031,-99.0,-99.0,2.0
62_1_8,195.33786,-0.01157,62_217,-99,-99.0,-99.0,0.35917,0.00221,-99.0,-99.0,2.0
62_1_9,195.317215,-0.009804,62_38,-99,0.850916,0.0001326,0.85906,0.00611,-99.0,-99.0,2.0
62_1_11,195.304214,-0.004513,62_63,-99,0.507047,0.0001332,0.50556,0.00057,-99.0,-99.0,2.0
62_1_13,195.310562,0.001285,62_81,-99,1.13373,0.0001414,0.61907,0.00116,-99.0,-99.0,2.0
62_1_14,195.319443,0.004619,62_69,-99,1.80855,5e-06,0.59305,0.00158,-99.0,-99.0,0.0
62_1_15,195.328979,0.006401,62_257,-99,-99.0,-99.0,0.7144,0.00043,-99.0,-99.0,2.0
62_1_16,195.317627,0.008109,62_10,-99,0.453964,0.0001658,0.45842,0.00088,-99.0,-99.0,2.0
62_1_17,195.322113,0.010007,62_2035,-99,-99.0,-99.0,1.21774,0.00194,-99.0,-99.0,2.0
-99,195.320801,-0.004769,62_11,-99,-99.0,-99.0,0.38614,0.0017,-99.0,-99.0,2.0
-99,195.324997,-0.003573,62_12,-99,-99.0,-99.0,0.32408,0.00138,-99.0,-99.0,0.0
-99,195.34053,-0.011674,62_14,-99,-99.0,-99.0,0.38302,0.00229,-99.0,-99.0,2.0
-99,195.314911,-0.009486,62_20,-99,-99.0,-99.0,0.86991,0.00215,-99.0,-99.0,1.0
-99,195.325134,-0.01977,62_49,-99,-99.0,-99.0,0.50323,0.00066,-99.0,-99.0,2.0
-99,195.330933,0.005574,62_99,-99,-99.0,-99.0,1.70528,0.00235,-99.0,-99.0,0.0
-99,195.320755,0.008122,62_117,-99,-99.0,-99.0,1.32148,0.00266,-99.0,-99.0,2.0
-99,195.316071,-0.018188,62_129,-99,-99.0,-99.0,1.306,0.00145,-99.0,-99.0,2.0
-99,195.331406,-0.002621,62_182,-99,-99.0,-99.0,1.09134,0.0018,-99.0,-99.0,1.0
-99,195.320312,0.009053,62_204,-99,-99.0,-99.0,0.57124,0.00086,-99.0,-99.0,2.0
-99,195.328217,0.010789,62_236,-99,-99.0,-99.0,0.6823,0.00132,-99.0,-99.0,2.0
