id_fors,SFR_uv,SFR_uv_err,SFR_ha,SFR_ha_err,SFR_sed,SFR_sed_68_l,SFR_sed_68_u,M_star_mean,M_star_median,M_star_68_l,M_star_68_u,Mv,EW_rest_corr,EW_rest_err_corr,metal_O32,metal_O32_err,metal_R23,metal_R23_err,metal_comb,metal_comb_68_u,metal_comb_68_l,comment
309_1_2,1.9870661979507729,0.3546959833866259,2.2902612108843434,0.5159614709877436,0.07898294,0.043895528,0.11429473,9.914691,9.916176,9.888264,9.942233,-18.82138361116285,28.81291608397992,5.647664080328617,-99.0,-99.0,-99.0,-99.0,-99.0,-99.0,-99.0,AGN-candidate
309_1_3,3.194370251327125,0.92385765765563,10.045131022367608,1.5910236346354083,8.051195,6.1884027,9.927194,9.9672,9.953505,9.7936735,10.096957000000002,-17.604881520283318,61.513350074693,9.063699202430683,8.32,0.08,-101.0,-101.0,8.469999999999981,0.0999999999999978,0.0799999999999983,-
309_1_4,0.4308905752129311,0.0595714058574753,0.5911878508491364,0.138122378278889,0.21157776,0.13975143,0.28171474,7.471259599999999,7.4548383,7.2589083,7.621844999999999,-99.0,-5343.050130565268,-1249.0509684828382,-99.0,-99.0,-99.0,-99.0,-99.0,-99.0,-99.0,-
309_1_5,21.84822397104377,1.092411198552189,21.20656409930293,1.7711729000908212,24.48079,22.92544,26.099865,10.602702,10.635536,10.488003,10.687706,-20.63375397781173,84.39758054920853,6.769138678596008,8.71,0.03,8.63,0.06,8.709999999999976,0.0199999999999995,0.0099999999999997,Extended_relative_to_slit
309_1_6,9.077217201527274,1.0007763645784422,2.023390375164664,0.5643909362861662,1.3718402,1.0898322,1.6375735,8.379475999999999,8.372688,8.298302,8.446587,-18.287053022764407,-75.2595,-99.0,8.43,0.05,-101.0,-98.0,8.469999999999981,0.0399999999999991,0.0399999999999991,AGN-candidate
309_1_7,-99.0,-99.0,9.051626427113863,0.4834770222598075,-99.0,-99.0,-99.0,-99.0,-99.0,-99.0,-99.0,-99.0,-2530.556471103552,-135.31596223664928,8.63,0.03,8.33,-98.0,8.629999999999978,0.0199999999999995,0.0199999999999995,-
309_1_8,5.566997245942999,0.8352524742104711,8.29450437710987,0.5701120717948682,3.1768339,2.910343,3.4541862,7.5025460000000015,7.4831405,7.445781,7.5273285,-17.929766750304093,631.09606653144,43.09128368588807,7.99,0.07,8.54,0.13,8.119999999999989,0.0799999999999983,0.0699999999999985,-
309_1_9,13.454288801239722,0.7571677680351359,10.200189943961997,0.6880046084178192,5.0223947,4.3301215,5.692203,9.072583,9.070348,8.988453999999997,9.138343,-19.304054045961426,138.47405501182362,9.070125469467245,8.44,0.04,-99.0,-99.0,8.47999999999998,0.0299999999999993,0.0299999999999993,Double-galaxy
309_1_10,27.169808085285425,1.3584904042642714,18.999822462305733,1.5877544031297046,7.834534599999999,6.080441,11.583998,9.659236,9.680161,9.4490385,9.74515,-19.896021192887662,115.51132364678529,9.294407748877958,8.73,0.05,-101.0,-98.0,8.719999999999976,0.0199999999999995,0.0199999999999995,-
309_1_11,46.63413853997901,2.3317069269989497,26.793974511270825,1.0730341279691824,25.0167,23.53583,26.452164,9.981297,9.980978,9.952583,10.008033,-20.45777289379569,135.93827182395006,5.275813072817002,8.58,0.06,8.84,0.07,8.759999999999975,0.0499999999999989,0.0399999999999991,-
309_1_12,0.3976403795860571,0.0725888322490946,1.037992115654241,0.103838199570511,4.204386,3.6402657,4.755793,7.7062664,7.6055245,7.5476565,7.683476400000001,-99.0,329.223479636228,32.63935472437274,-99.0,-99.0,-99.0,-99.0,-99.0,-99.0,-99.0,-
309_1_13,10.4877371797558,0.8858114574777625,9.319401136562687,1.5010351029536426,2.9642646,2.1111398,3.7313457,8.402892999999999,8.383369,8.260433,8.509236,-18.830510220630487,238.8291989659295,37.81295703825465,8.4,0.06,-101.0,-99.0,8.459999999999981,0.0599999999999987,0.0499999999999989,-
309_1_14,16.116201512136826,0.8058100756068414,8.712707725676642,1.0615089224051502,2.6565304,2.5522175,2.7559150000000003,10.294386,10.293804,10.256584,10.330161,-99.0,16.146046605496615,1.615192035796266,8.74,0.03,8.96,-99.0,8.879999999999972,0.0099999999999997,0.0099999999999997,-
309_1_15,42.89408389291092,2.1447041946455463,12.093241749100152,2.467399978755076,6.642877,5.773607,7.561084299999999,9.123085,9.047357,9.011108,9.091591,-19.8598719041798,83.75937168745897,16.145653670387397,8.43,0.08,8.63,0.18,8.50999999999998,0.0699999999999985,0.0599999999999987,-
309_1_16,22.98875989243053,1.149437994621527,26.474134984913704,0.8236483547484439,29.256964,26.625565,31.925695,9.0686655,9.053939,8.958313,9.165378,-19.689492874228748,306.19147201076146,9.413414434436731,8.41,0.04,8.44,-98.0,8.429999999999982,0.0299999999999993,0.0199999999999995,-
309_1_17,0.4162777802988545,0.2277507612577318,4.76778893037342,0.947407400707857,11.297489,7.5206914,15.03014,9.159069,9.108469,8.999085000000003,9.243715,-18.03913481678294,247.46837173644928,48.45423661148976,-99.0,-99.0,-99.0,-99.0,-99.0,-99.0,-99.0,-
309_1_18,-99.0,-99.0,3.5605957416204417,0.443227891681195,3.6530046,1.644149,5.798324,7.647156,7.540715700000002,7.232408,7.7995214000000015,-99.0,1565.787233637233,194.42078020401664,-99.0,-99.0,-99.0,-99.0,-99.0,-99.0,-99.0,-
62_1_3,-99.0,-99.0,33.97190672795821,10.00394189324096,8.422074,4.8829400000000005,12.130602,10.167456,10.090633,9.9098,10.305718,-21.34892231654384,29.953171174686616,7.596876101900527,-99.0,-99.0,-99.0,-99.0,-99.0,-99.0,-99.0,-
62_1_4,-99.0,-99.0,21.182283922966267,4.271440177797898,27.28786,20.096296,34.889336,8.480035,8.423878,8.300122,8.556275999999999,-16.192137441089407,645.486447986348,129.18491716723554,-99.0,-99.0,-99.0,-99.0,-99.0,-99.0,-99.0,-
62_1_5,-99.0,-99.0,28.07002134421576,5.626274503060486,52.093742,36.001247,67.88643,10.386509,10.32572,10.214894,10.529041,-20.85095116672972,89.52665319902711,17.200814409227384,-99.0,-99.0,-99.0,-99.0,-99.0,-99.0,-99.0,-
62_1_6,-99.0,-99.0,3.7285887480162327,0.408286684625611,0.92912745,0.81721693,1.0345334000000002,9.065503,8.979467999999997,8.742396000000001,9.287832,-18.938531928722178,56.74195303559871,5.871459003236247,8.62,0.01,8.54,0.02,8.619999999999978,0.0,0.0,-
62_1_7,-99.0,-99.0,9.226325998952165,0.4759461149941587,2.6365707,1.9681654,3.2904449,7.4058259999999985,7.375594599999999,7.275103,7.502104300000001,-16.437274819793778,36860.42697048242,1901.1967499519524,-99.0,-99.0,-99.0,-99.0,-99.0,-99.0,-99.0,-
62_1_8,-99.0,-99.0,0.8797675638015888,0.2701120577387063,0.44339758,0.28155726,0.5882319,7.295317999999999,6.836801,6.629697999999999,7.592097,-99.0,488.9823634604106,149.29785923753667,-99.0,-99.0,-99.0,-99.0,-99.0,-99.0,-99.0,-
62_1_9,-99.0,-99.0,45.7993914041648,19.80900575373029,93.205605,89.40375,96.72542,8.956541,8.950646,8.932269999999997,8.967946000000003,-20.25053064894519,344.5872144561403,147.43783333333334,-99.0,-99.0,-99.0,-99.0,-99.0,-99.0,-99.0,-
62_1_11,-99.0,-99.0,3.0988578659111834,0.3444715852434776,0.6593998000000001,0.5617694999999999,0.7574801999999999,8.674797,8.634589,8.336358,8.865991000000003,-18.10385050187023,131.45793859215746,14.27794741588086,8.51,0.01,8.09,0.06,8.51999999999998,0.0,0.0099999999999997,-
62_1_13,-99.0,-99.0,-99.0,-99.0,55.352036,47.08755,65.137764,8.814433,8.745882,8.667575,8.811762,-19.42603421092412,140.04946,22.275499999999997,-99.0,-99.0,-99.0,-99.0,-99.0,-99.0,-99.0,-
62_1_14,-99.0,-99.0,-99.0,-99.0,101.52425,39.463455,155.35172,10.368044,10.321875,10.117549,10.532229,-20.78956637099463,95.2954,-99.0,8.46,0.05,8.63,0.49,8.51999999999998,0.0399999999999991,0.0399999999999991,-
62_1_15,-99.0,-99.0,6.622287582547284,0.4507349695327308,3.920702200000001,2.8702693,4.926686,7.5937285,7.575363,7.4445863,7.684858,-16.507230464133066,4112.822187339864,279.69175772419,-99.0,-99.0,-99.0,-99.0,-99.0,-99.0,-99.0,-
62_1_16,-99.0,-99.0,17.865847863499948,2.050582977863955,5.6210995000000015,4.4925203,6.581569,10.024735,9.966908,9.927513,10.132156,-99.0,23.882914304031083,2.407431920835357,8.52,0.01,8.8,0.02,8.689999999999976,0.0099999999999997,0.0,Extended_relative_to_slit
62_1_17,-99.0,-99.0,8.399812271213298,1.8651398947579088,4.368798,2.5324132,6.0342026,7.871942,7.6108785,7.4002757,7.9619308,-15.856191915497297,425.95188386883694,93.59951545175748,-99.0,-99.0,-99.0,-99.0,-99.0,-99.0,-99.0,-
64_2_5,121.11247306983208,7.2826713025815,40.721538199756296,3.8063401995294943,36.23452,31.588549,40.418594,10.76365,10.81725,10.784032,10.830307,-21.56494600340568,55.79982726349333,4.775189523999202,8.63,0.05,-101.0,-98.0,8.629999999999978,0.0299999999999993,0.0299999999999993,-
64_2_6,2.32444805213206,0.4097765443772965,2.27276165788829,0.4060462192276365,0.4886263,0.44567242,0.53094757,9.208709,9.207882,9.190954,9.226747,-18.500558289359684,52.33730008330951,8.797148412925367,8.64,0.02,8.64,0.04,8.659999999999977,0.0099999999999997,0.0099999999999997,-
64_2_7,1.1794588773439925,0.4902604377955213,3.1938497757107944,0.938581431863188,1.1929376,0.8400989999999999,1.5688074,7.337691,7.073619,6.927535499999999,7.3875413,-16.414617227732855,1370.9571686152103,401.7532108399547,-99.0,-99.0,-99.0,-99.0,-99.0,-99.0,-99.0,-
64_2_8,2.6449740869305733,0.3252189804778023,5.207399617195317,0.9265197627492308,0.0024880888,0.0003236693,0.004436782,9.9463215,9.934818,9.923482,9.94868,-19.65490145212177,16.025603942382965,2.2754518240175337,-99.0,-99.0,-99.0,-99.0,-99.0,-99.0,-99.0,-
64_2_9,36.91799002614596,3.90280400368922,-99.0,-99.0,88.70871,75.51106999999998,101.85127,8.931832,8.918664,8.857967,8.990288,-99.0,-92.63332,-99.0,7.96,0.21,8.52,-98.0,8.05999999999999,0.1499999999999968,0.1499999999999968,-
64_2_10,1.224931773308305,0.2247273574968596,1.8326406932516857,0.3583452597782797,1.010045,0.7026014,1.2831229,8.03421,7.9093575,7.7508063,8.210763,-16.851025876059076,299.96888927933514,58.00517960276093,8.33,0.02,7.88,0.25,8.379999999999983,0.0099999999999997,0.0099999999999997,-
64_2_11,15.538683634615758,0.7769341817307879,12.625088800632074,1.4413528846659196,6.8592143,5.8323274000000005,7.961939,9.852151,9.852231,9.842221,9.861343,-20.08878692460869,73.76133373031544,8.034793727425956,-99.0,-99.0,-99.0,-99.0,-99.0,-99.0,-99.0,-
64_2_12,19.35465954859611,1.1201159821141429,10.375316801844477,1.4828931406938344,6.077922,5.4948435,6.663722,9.006866,9.005522000000003,8.959213,9.04469,-19.717129173704876,95.5098565700332,13.093786520804848,8.37,0.05,8.66,0.1,8.48999999999998,0.0499999999999989,0.0399999999999991,-
64_2_13,50.88950850782437,2.887348000443936,32.76204509574877,7.882360978229549,30.058737,18.711222,40.773197,10.320694,10.313173,10.156174,10.43946,-20.527139779838624,143.33813465573374,33.272905251416866,-99.0,-99.0,-99.0,-99.0,-99.0,-99.0,-99.0,-
64_2_14,1.5890808941425312,0.8330864125193004,3.932953839793116,0.9629972635750064,2.8150618,2.101488,3.509930600000001,7.8767004,7.4844035999999985,7.333609599999999,7.9696155,-17.30841381766651,-22238.476726778885,-5446.434181331291,-99.0,-99.0,-99.0,-99.0,-99.0,-99.0,-99.0,-
64_2_15,14.512657913097822,0.7823275385957112,32.478846191281164,4.062913500144112,20.357178,14.775313,26.416399,10.995217,10.994873,10.9870825,11.003492,-21.6231970415405,49.74285522192866,5.748002675033025,8.2,0.04,-101.0,-101.0,8.859999999999973,0.0299999999999993,0.0199999999999995,Hb-artificat
64_2_16,30.064582543933767,5.091665301791124,-99.0,-99.0,12.906508,9.493886,15.945444,8.276968,8.144810000000001,8.033764999999999,8.425726,-19.438396844663018,-93.12484,-99.0,8.2,0.13,8.45,-98.0,8.229999999999986,0.1199999999999974,0.0799999999999983,-
64_2_18,1.343629671939277,0.1087986812181849,0.6559059844000235,0.1466616718490018,0.8420283000000002,0.51246125,1.1365596000000002,8.271262,8.242252,8.100465,8.398748,-99.0,86.30922674072521,18.63495971494445,-99.0,-99.0,-99.0,-99.0,-99.0,-99.0,-99.0,-
309_2_1,26.40000798420019,2.8766645295103457,35.83066694532782,4.178907728099333,14.798387,13.660765,15.917520499999998,8.15339,8.146806,8.115153999999999,8.182016,-19.312041581151387,655.8804073398593,75.90010876409639,8.02,0.14,8.36,0.11,8.199999999999987,0.0799999999999983,0.1199999999999974,-
309_2_3,3.77206068375024,2.4560004555836144,-99.0,-99.0,2.5062454,1.9676156,3.0249562,7.4437003,7.3667917,7.283798700000001,7.5192685,-17.246158915963672,-93.82824,-99.0,-99.0,-99.0,-99.0,-99.0,-99.0,-99.0,-99.0,-
309_2_4,53.82864442791091,2.6914322213955457,-99.0,-99.0,7.899696400000002,7.1463966,8.618477,8.456693,8.448678,8.39955,8.505187,-19.115723554864854,-93.53848,-99.0,8.25,0.04,-99.0,-99.0,8.289999999999985,0.0299999999999993,0.0299999999999993,-
309_2_5,79.7971855227065,8.507910336432229,-99.0,-99.0,34.00462,28.441927000000003,39.021255,9.441709,9.440216,9.374149,9.498698,-20.50192290294441,-93.25084,-99.0,8.41,0.04,-99.0,-99.0,8.429999999999982,0.0299999999999993,0.0299999999999993,-
309_2_6,0.7019182869191236,0.1686047572386959,1.1720258245582975,0.2186074711974474,0.7128233,0.4907844,0.9231882,7.1975546,6.9532776,6.789931,7.3369775,-15.875313549006274,584.6530442105262,108.44515964912284,-99.0,-99.0,-99.0,-99.0,-99.0,-99.0,-99.0,-
309_2_7,-99.0,-99.0,-99.0,-99.0,17.718353,12.463467,22.697731,9.277782,9.27402,9.144318,9.382206,-19.622670458764667,-93.65496,-99.0,-101.0,-98.0,8.47,-98.0,7.999999999999991,0.2499999999999946,0.2899999999999938,-
309_2_8,3.3596491189443,0.9985804280034314,3.773762749582969,0.6197391167121806,1.3207301000000002,0.96993333,1.6332004999999998,7.4484270000000015,7.127756,6.9833727,7.553422,-16.89098273400806,429.268855652174,69.77405217391305,-99.0,-99.0,-99.0,-99.0,-99.0,-99.0,-99.0,-
309_2_9,0.2169418767854224,0.2169418767854224,0.5285057225231232,0.1580504483079165,0.62176275,0.24207358,0.9736298,7.005962400000001,6.835630999999999,6.554537299999999,7.125325699999999,-99.0,-6141.387219435607,-1837.4466957414056,-99.0,-99.0,-99.0,-99.0,-99.0,-99.0,-99.0,-
309_2_11,3.7983205331963767,0.1899160266598188,3.351077161758892,0.4588270327963997,0.97463536,0.92418826,1.0266901,9.612203,9.603983,9.577819,9.648871,-99.0,26.590892052969235,3.239852870537918,8.74,0.03,8.83,0.02,8.809999999999974,0.0199999999999995,0.0099999999999997,-
309_2_13,15.300922422666956,1.7517773391705829,9.17580500438365,3.2464554271458965,6.021634,3.2614145,8.944473,8.830513,8.814293,8.720305999999999,8.910521000000003,-19.050958537079573,149.51738737791132,51.32113467317805,8.2,0.06,-101.0,-101.0,8.269999999999985,0.0599999999999987,0.0499999999999989,-
309_2_14,24.62219509688035,11.431458366937996,-99.0,-99.0,140.95972,113.13591,165.70529,9.1729,9.149447,9.046335,9.213877,-20.168088077664784,-93.3319,-99.0,-99.0,-99.0,-99.0,-99.0,-99.0,-99.0,-99.0,-
309_2_17,15.507786584619437,1.6255335293337223,-99.0,-99.0,4.6601157,3.0384808,6.349089,8.865991000000003,8.844739,8.731805,8.969119000000003,-18.812248082160664,-93.79956,-99.0,8.47,0.08,-101.0,-98.0,8.51999999999998,0.1199999999999974,0.0699999999999985,-
309_2_18,22.866435029917177,1.2383729803489938,11.079516554361078,3.7457684450038062,19.684858,12.114931,26.366165,9.912976,9.917528,9.73578,10.027678,-20.047339134205888,75.48990360320832,24.126786703914444,8.25,0.06,8.93,-99.0,8.889999999999972,0.0099999999999997,0.0499999999999989,-
309_2_20,0.5649547285236861,0.1053173289718815,1.2846062779916825,0.2785883480613641,0.4483172,0.20194402,0.6160319000000001,8.916071,8.887405000000003,8.741355,9.040386,-17.088044400272757,156.58752984589043,33.3018850599315,-99.0,-99.0,-99.0,-99.0,-99.0,-99.0,-99.0,-
236_1_2,-99.0,-99.0,11.73225246647217,2.6105119726871733,-99.0,-99.0,-99.0,-99.0,-99.0,-99.0,-99.0,-99.0,50.88572219427604,10.463881837727332,8.38,0.07,8.81,-101.0,8.649999999999977,0.089999999999998,0.0699999999999985,Double-galaxy
236_1_3,-99.0,-99.0,11.357209170830467,1.207318329868906,-99.0,-99.0,-99.0,-99.0,-99.0,-99.0,-99.0,-99.0,736.3200439672678,77.80870340203057,-99.0,-99.0,-99.0,-99.0,-99.0,-99.0,-99.0,-
236_1_4,-99.0,-99.0,2.02995771167511,0.6114198675606519,-99.0,-99.0,-99.0,-99.0,-99.0,-99.0,-99.0,-99.0,30.44288547876408,8.25596718507802,8.69,0.01,8.88,0.01,8.799999999999974,0.0099999999999997,0.0,-
236_1_5,-99.0,-99.0,8.710608019360592,1.3544654043858528,-99.0,-99.0,-99.0,-99.0,-99.0,-99.0,-99.0,-99.0,15.16673571587951,1.89839424108803,-99.0,-99.0,-99.0,-99.0,-99.0,-99.0,-99.0,-
236_1_6,-99.0,-99.0,11.155537090419374,2.1337152721520143,-99.0,-99.0,-99.0,-99.0,-99.0,-99.0,-99.0,-20.083611660337144,63.477365773195885,11.293671890904342,8.75,-101.0,-101.0,-101.0,-99.0,-99.0,-99.0,-
236_1_7,-99.0,-99.0,3.161366643293993,0.6020714457631334,-99.0,-99.0,-99.0,-99.0,-99.0,-99.0,-99.0,-99.0,160.82862362912587,29.90561386631282,-99.0,-99.0,-99.0,-99.0,-99.0,-99.0,-99.0,-
236_1_8,-99.0,-99.0,4.2279288456949065,0.8488087500388067,-99.0,-99.0,-99.0,-99.0,-99.0,-99.0,-99.0,-99.0,15.824227329845217,2.552938500109004,8.73,0.03,8.98,-99.0,8.899999999999972,0.0,0.0,-
236_1_9,-99.0,-99.0,12.10207067852931,2.094874542529329,-99.0,-99.0,-99.0,-99.0,-99.0,-99.0,-99.0,-19.565586267787047,138.13175637865993,23.15161164002156,-99.0,-99.0,-99.0,-99.0,-99.0,-99.0,-99.0,Double-galaxy
236_1_10,-99.0,-99.0,10.39079023165642,0.8095104294607569,-99.0,-99.0,-99.0,-99.0,-99.0,-99.0,-99.0,-99.0,27.214485870720253,1.886918304716188,8.61,0.06,8.96,-99.0,8.899999999999972,0.0,0.0199999999999995,Extended_relative_to_slit
236_1_11,-99.0,-99.0,0.4897418771986426,0.0717025926602184,-99.0,-99.0,-99.0,-99.0,-99.0,-99.0,-99.0,-99.0,200.0452151138088,28.887077389984825,-99.0,-99.0,-99.0,-99.0,-99.0,-99.0,-99.0,-
236_1_12,-99.0,-99.0,25.905964830798265,6.3096447517898735,-99.0,-99.0,-99.0,-99.0,-99.0,-99.0,-99.0,-99.0,20.845406926199257,4.167702859778597,8.22,0.07,-101.0,-101.0,8.839999999999973,0.0499999999999989,0.0399999999999991,-
236_1_13,-99.0,-99.0,9.213609669631976,0.964872804442644,-99.0,-99.0,-99.0,-99.0,-99.0,-99.0,-99.0,-99.0,89.97482124756334,9.000186850965797,8.53,0.15,-101.0,-98.0,-99.0,-99.0,-99.0,-
236_1_14,-99.0,-99.0,4.529290660553307,0.4982160047442159,-99.0,-99.0,-99.0,-99.0,-99.0,-99.0,-99.0,-99.0,254.13052629610613,27.52992069604909,8.11,0.04,8.75,-98.0,8.179999999999987,0.0299999999999993,0.0399999999999991,-
236_1_15,-99.0,-99.0,9.520717638552687,1.9036950322528103,-99.0,-99.0,-99.0,-99.0,-99.0,-99.0,-99.0,-99.0,21.378548215297453,3.515698772426818,-99.0,-99.0,-99.0,-99.0,-99.0,-99.0,-99.0,-
236_1_16,-99.0,-99.0,5.879323428556446,1.770623042703637,-99.0,-99.0,-99.0,-99.0,-99.0,-99.0,-99.0,-99.0,153.83742294544237,45.13483677340175,-99.0,-99.0,-99.0,-99.0,-99.0,-99.0,-99.0,-
236_1_17,-99.0,-99.0,1.4363203998961769,0.3458515041903857,-99.0,-99.0,-99.0,-99.0,-99.0,-99.0,-99.0,-99.0,50.007507447595565,11.243715536374845,-99.0,-99.0,-99.0,-99.0,-99.0,-99.0,-99.0,-
236_2_6,-99.0,-99.0,0.7666059342479781,0.2422361719115411,-99.0,-99.0,-99.0,-99.0,-99.0,-99.0,-99.0,-99.0,140.41314228649662,43.41488918363852,-99.0,-99.0,-99.0,-99.0,-99.0,-99.0,-99.0,-
236_2_8,-99.0,-99.0,1.0465657716087076,0.2157299641893514,-99.0,-99.0,-99.0,-99.0,-99.0,-99.0,-99.0,-99.0,119.38171886502748,24.005964571013592,-99.0,-99.0,-99.0,-99.0,-99.0,-99.0,-99.0,-
236_2_9,-99.0,-99.0,8.501205432558992,0.8912091479989208,-99.0,-99.0,-99.0,-99.0,-99.0,-99.0,-99.0,-99.0,44.43135683255326,4.260679205272709,8.69,0.14,8.98,-99.0,-99.0,-99.0,-99.0,-
236_2_10,-99.0,-99.0,0.8033651291684575,0.2004662894717473,-99.0,-99.0,-99.0,-99.0,-99.0,-99.0,-99.0,-99.0,90.52659638060824,21.778986028304708,-99.0,-99.0,-99.0,-99.0,-99.0,-99.0,-99.0,-
236_2_11,-99.0,-99.0,-99.0,-99.0,-99.0,-99.0,-99.0,-99.0,-99.0,-99.0,-99.0,-99.0,-93.25762,-99.0,-99.0,-99.0,-99.0,-99.0,7.999999999999991,0.279999999999994,0.3299999999999929,-
236_2_12,-99.0,-99.0,0.0967157825702009,0.0016879906411432,-99.0,-99.0,-99.0,-99.0,-99.0,-99.0,-99.0,-99.0,72.60700131168831,23.89022665584416,-99.0,-99.0,-99.0,-99.0,8.50999999999998,0.0,0.0099999999999997,-
236_2_13,-99.0,-99.0,13.046225971122922,3.095994886148552,-99.0,-99.0,-99.0,-99.0,-99.0,-99.0,-99.0,-99.0,45.34853235120809,9.84318272182832,-101.0,-101.0,-101.0,-99.0,-99.0,-99.0,-99.0,-
236_2_14,-99.0,-99.0,0.7728556173620295,0.2429085829065117,-99.0,-99.0,-99.0,-99.0,-99.0,-99.0,-99.0,-99.0,102.31327733333336,31.1195003,-99.0,-99.0,-99.0,-99.0,-99.0,-99.0,-99.0,-
236_2_15,-99.0,-99.0,1.2616097052687565,0.3004433240544384,-99.0,-99.0,-99.0,-99.0,-99.0,-99.0,-99.0,-99.0,155.09248736314714,36.22729170532567,-99.0,-99.0,-99.0,-99.0,-99.0,-99.0,-99.0,-
236_2_16,-99.0,-99.0,41.71384564301954,18.1221826624574,-99.0,-99.0,-99.0,-99.0,-99.0,-99.0,-99.0,-99.0,119.76411961859824,50.24814847341001,-101.0,-101.0,-99.0,-101.0,-99.0,-99.0,-99.0,Hb-artificat
236_2_17,-99.0,-99.0,9.808237600530964,1.6857917322045186,-99.0,-99.0,-99.0,-99.0,-99.0,-99.0,-99.0,-99.0,34.77245207943926,5.271129716705609,-99.0,-99.0,-99.0,-99.0,-99.0,-99.0,-99.0,-
236_2_19,-99.0,-99.0,17.599866665148,2.416650638721716,-99.0,-99.0,-99.0,-99.0,-99.0,-99.0,-99.0,-99.0,31.886838342304944,3.846744727284518,8.31,0.1,8.95,-101.0,8.829999999999973,0.0499999999999989,0.0399999999999991,-
